,Timestamp,OriginalTimestamp,EEG.Counter,EEG.Interpolated,EEG.AF3,EEG.T7,EEG.Pz,EEG.T8,EEG.AF4,EEG.RawCq,EEG.Battery,EEG.BatteryPercent,MarkerIndex,MarkerType,MarkerValueInt,EEG.MarkerHardware,CQ.AF3,CQ.T7,CQ.Pz,CQ.T8,CQ.AF4,CQ.Overall,EQ.SampleRateQuality,EQ.OVERALL,EQ.AF3,EQ.T7,EQ.Pz,EQ.T8,EQ.AF4,MOT.CounterMems,MOT.InterpolatedMems,MOT.Q0,MOT.Q1,MOT.Q2,MOT.Q3,MOT.AccX,MOT.AccY,MOT.AccZ,MOT.MagX,MOT.MagY,MOT.MagZ,MC.Action,MC.ActionPower,MC.IsActive,PM.Engagement.IsActive,PM.Engagement.Scaled,PM.Engagement.Raw,PM.Engagement.Min,PM.Engagement.Max,PM.Excitement.IsActive,PM.Excitement.Scaled,PM.Excitement.Raw,PM.Excitement.Min,PM.Excitement.Max,PM.LongTermExcitement,PM.Stress.IsActive,PM.Stress.Scaled,PM.Stress.Raw,PM.Stress.Min,PM.Stress.Max,PM.Relaxation.IsActive,PM.Relaxation.Scaled,PM.Relaxation.Raw,PM.Relaxation.Min,PM.Relaxation.Max,PM.Interest.IsActive,PM.Interest.Scaled,PM.Interest.Raw,PM.Interest.Min,PM.Interest.Max,PM.Focus.IsActive,PM.Focus.Scaled,PM.Focus.Raw,PM.Focus.Min,PM.Focus.Max,FE.BlinkWink,FE.HorizontalEyesDirection,FE.UpperFaceAction,FE.UpperFaceActionPower,FE.LowerFaceAction,FE.LowerFaceActionPower,POW.AF3.Theta,POW.AF3.Alpha,POW.AF3.BetaL,POW.AF3.BetaH,POW.AF3.Gamma,POW.T7.Theta,POW.T7.Alpha,POW.T7.BetaL,POW.T7.BetaH,POW.T7.Gamma,POW.Pz.Theta,POW.Pz.Alpha,POW.Pz.BetaL,POW.Pz.BetaH,POW.Pz.Gamma,POW.T8.Theta,POW.T8.Alpha,POW.T8.BetaL,POW.T8.BetaH,POW.T8.Gamma,POW.AF4.Theta,POW.AF4.Alpha,POW.AF4.BetaL,POW.AF4.BetaH,POW.AF4.Gamma
43820,1645901695.220144,1645901695.262487,96.0,0.0,4314.871582,4316.410156,4261.538574,4164.102539,4340.512695,450.0,1.0,15.0,61.0,1.0,3.0,0.0,4.0,1.0,2.0,4.0,4.0,58.33333199999999,,,,,,,,48.0,0.0,0.7219770000000001,0.112061,0.658447,0.18066400000000002,0.925795,-0.409674,-0.11133,-0.030573000000000003,-0.033548,-0.011676,,,,,,,,,,,,,,,,,,,,,,,,,,,,,,,,,,,,,,,,,,,,,,,,,,,,,,,,,,,,,,,,,
43821,1645901695.227958,1645901695.270302,97.0,0.0,4310.256348,4313.333496,4232.307617,4215.897461,4293.333496,450.0,1.0,15.0,,,,0.0,4.0,1.0,2.0,4.0,4.0,58.33333199999999,,,,,,,,,,,,,,,,,,,,,,,,,,,,,,,,,,,,,,,,,,,,,,,,,,,,,,,,,,,,,,,,,,,,,,,,,,,,,,,,,,,,
43822,1645901695.2357712,1645901695.278117,98.0,0.0,4321.538574,4222.563965,4181.025879,4217.436035,4291.282227000001,450.0,1.0,15.0,,,,0.0,4.0,1.0,2.0,4.0,4.0,58.33333199999999,,,,,,,,49.0,0.0,0.72226,0.112061,0.658203,0.18042,0.906752,-0.41846300000000003,-0.10693499999999999,-0.030933999999999996,-0.033611,-0.009825,,,,,,,,,,,,,,,,,,,,,,,,,,,,,,,,,,,0.0,0.0,1.0,0.0,512.0,1.0,,,,,,,,,,,,,,,,,,,,,,,,,
43823,1645901695.2435849,1645901695.285931,99.0,0.0,4306.666504,4184.615234000001,4188.717772999999,4177.94873,4331.794922,16135.0,1.0,15.0,,,,0.0,4.0,1.0,2.0,4.0,4.0,58.33333199999999,,,,,,,,,,,,,,,,,,,,,,,,,,,,,,,,,,,,,,,,,,,,,,,,,,,,,,,,,,,,,,,,,,,,,,,,,,,,,,,,,,,,
43824,1645901695.251399,1645901695.293746,100.0,0.0,4292.820313,4213.846191,4209.743652,4180.512695,4332.307617,450.0,1.0,15.0,,,,0.0,4.0,1.0,2.0,4.0,4.0,58.33333199999999,,,,,,,,50.0,0.0,0.722222,0.112305,0.658203,0.18042,0.922377,-0.41651000000000005,-0.109377,-0.027888999999999997,-0.033619,-0.011382,,,,,,,,,,,,,,,,,,,,,,,,,,,,,,,,,,,,,,,,,,,,,,,,,,,,,,,,,,,,,,,,,
43825,1645901695.259213,1645901695.301661,101.0,0.0,4307.692383,4239.487305,4188.717772999999,4172.307617,4306.666504,450.0,1.0,15.0,,,,0.0,4.0,1.0,2.0,4.0,4.0,58.33333199999999,,,,,,,,,,,,,,,,,,,,,,,,,,,,,,,,,,,,,,,,,,,,,,,,,,,,,,,,,,,,,,,,,,,,,,,,,,,,,,,,,,,,
43826,1645901695.267026,1645901695.309475,102.0,0.0,4314.871582,4236.410156,4214.871582,4151.282227000001,4330.256348,450.0,1.0,15.0,,,,0.0,4.0,1.0,2.0,4.0,4.0,58.33333199999999,,,,,,,,51.0,0.0,0.722245,0.112549,0.658203,0.180176,0.921889,-0.404791,-0.112795,-0.028274,-0.033627,-0.009462,1.0,0.0,0.0,,,,,,,,,,,,,,,,,,,,,,,,,,,,,,,,0.0,0.0,1.0,0.0,512.0,1.0,10.058278,4.319018,3.046601,1.6615259999999998,0.954384,83.20953399999999,39.917732,54.231091000000006,21.884301999999998,27.180765,20.857273,24.165851999999997,5.673617,4.493591,2.864201,5.870227,6.172987,6.698257000000001,3.477922,2.652902,5.900956,7.365334,2.331867,2.0509880000000003,1.506005
43827,1645901695.27484,1645901695.31729,103.0,0.0,4292.820313,4245.128418,4276.410156,4166.153809,4328.205078,16135.0,1.0,15.0,,,,0.0,4.0,1.0,2.0,4.0,4.0,58.33333199999999,,,,,,,,,,,,,,,,,,,,,,,,,,,,,,,,,,,,,,,,,,,,,,,,,,,,,,,,,,,,,,,,,,,,,,,,,,,,,,,,,,,,
43828,1645901695.2826538,1645901695.3251052,104.0,0.0,4303.077147999999,4247.692383,4325.641113000001,4197.94873,4279.487305,450.0,1.0,15.0,,,,0.0,4.0,1.0,2.0,4.0,4.0,58.33333199999999,,,,,,,,52.0,0.0,0.722306,0.112549,0.658203,0.17993199999999998,0.9131,-0.40528000000000003,-0.11621300000000001,-0.025496,-0.033682,-0.011006,,,,,,,,,,,,,,,,,,,,,,,,,,,,,,,,,,,,,,,,,,,,,,,,,,,,,,,,,,,,,,,,,
43829,1645901695.290467,1645901695.332919,105.0,0.0,4327.692383,4213.846191,4292.307617,4192.307617,4276.410156,450.0,1.0,15.0,,,,0.0,4.0,1.0,2.0,4.0,4.0,58.33333199999999,,,,,,,,,,,,,,,,,,,,,,,,,,,,,,,,,,,,,,,,,,,,,,,,,,,,,,,,,,,,,,,,,,,,,,,,,,,,,,,,,,,,
43830,1645901695.298281,1645901695.340734,106.0,0.0,4310.256348,4211.282227000001,4254.871582,4146.153809,4295.897461,450.0,1.0,15.0,,,,0.0,4.0,1.0,2.0,4.0,4.0,58.33333199999999,,,,,,,,53.0,0.0,0.722306,0.112549,0.658203,0.17993199999999998,0.9209129999999999,-0.406744,-0.12255999999999999,-0.026169,-0.033585000000000004,-0.012347,,,,,,,,,,,,,,,,,,,,,,,,,,,,,,,,,,,0.0,0.0,1.0,0.0,512.0,1.0,,,,,,,,,,,,,,,,,,,,,,,,,
43831,1645901695.306095,1645901695.348548,107.0,0.0,4298.461426,4229.743652,4230.769043,4123.077147999999,4279.487305,16135.0,1.0,15.0,,,,0.0,4.0,1.0,2.0,4.0,4.0,58.33333199999999,,,,,,,,,,,,,,,,,,,,,,,,,,,,,,,,,,,,,,,,,,,,,,,,,,,,,,,,,,,,,,,,,,,,,,,,,,,,,,,,,,,,
43832,1645901695.313909,1645901695.356363,108.0,0.0,4310.769043,4175.897461,4246.666504,4155.897461,4275.384765999999,450.0,1.0,15.0,,,,0.0,4.0,1.0,2.0,4.0,4.0,58.33333199999999,,,,,,,,54.0,0.0,0.722306,0.112549,0.658203,0.17993199999999998,0.921401,-0.397955,-0.10254100000000001,-0.026775,-0.033596,-0.013652000000000001,,,,,,,,,,,,,,,,,,,,,,,,,,,,,,,,,,,,,,,,,,,,,,,,,,,,,,,,,,,,,,,,,
43833,1645901695.321722,1645901695.364178,109.0,0.0,4322.05127,4159.487305,4209.743652,4183.589844,4321.025879,450.0,1.0,15.0,,,,0.0,4.0,1.0,2.0,4.0,4.0,58.33333199999999,,,,,,,,,,,,,,,,,,,,,,,,,,,,,,,,,,,,,,,,,,,,,,,,,,,,,,,,,,,,,,,,,,,,,,,,,,,,,,,,,,,,
43834,1645901695.329536,1645901695.371992,110.0,0.0,4307.692383,4251.794922,4221.025879,4166.153809,4331.794922,450.0,1.0,15.0,,,,0.0,4.0,1.0,2.0,4.0,4.0,58.33333199999999,,,,,,,,55.0,0.0,0.722344,0.112305,0.658203,0.17993199999999998,0.917983,-0.39942,-0.10351700000000001,-0.027417,-0.033458999999999996,-0.014728,,,,,,,,,,,,,,,,,,,,,,,,,,,,,,,,,,,0.0,0.0,1.0,0.0,512.0,1.0,,,,,,,,,,,,,,,,,,,,,,,,,
43835,1645901695.33735,1645901695.3799071,111.0,0.0,4303.589844,4255.897461,4248.717772999999,4172.307617,4316.922852000001,16135.0,1.0,15.0,,,,0.0,4.0,1.0,2.0,4.0,4.0,58.33333199999999,,,,,,,,,,,,,,,,,,,,,,,,,,,,,,,,,,,,,,,,,,,,,,,,,,,,,,,,,,,,,,,,,,,,,,,,,,,,,,,,,,,,
43836,1645901695.345163,1645901695.387722,112.0,0.0,4313.333496,4213.846191,4240.0,4207.179688,4304.615234000001,450.0,1.0,15.0,,,,0.0,4.0,1.0,2.0,4.0,4.0,58.33333199999999,,,,,,,,56.0,0.0,0.722306,0.112549,0.658203,0.17993199999999998,0.9209129999999999,-0.406744,-0.12255999999999999,-0.027898000000000003,-0.033385000000000005,-0.015696,,,,,,,,,,,,,,,,,,,,,,,,,,,,,,,,,,,,,,,,,,,,,,,,,,,,,,,,,,,,,,,,,
43837,1645901695.352977,1645901695.395536,113.0,0.0,4329.230957,4252.820313,4197.94873,4200.0,4310.256348,450.0,1.0,15.0,,,,0.0,4.0,1.0,2.0,4.0,4.0,58.33333199999999,,,,,,,,,,,,,,,,,,,,,,,,,,,,,,,,,,,,,,,,,,,,,,,,,,,,,,,,,,,,,,,,,,,,,,,,,,,,,,,,,,,,
43838,1645901695.360791,1645901695.403351,114.0,0.0,4308.717772999999,4248.205078,4185.641113000001,4158.974121,4316.922852000001,450.0,1.0,15.0,,,,0.0,4.0,1.0,2.0,4.0,4.0,58.33333199999999,,,,,,,,57.0,0.0,0.722344,0.112305,0.658203,0.17993199999999998,0.916518,-0.408209,-0.10351700000000001,-0.028380000000000002,-0.033415,-0.013491999999999999,,,,,,,,,,,,,,,,,,,,,,,,,,,,,,,,,,,0.0,0.0,1.0,0.0,512.0,1.0,,,,,,,,,,,,,,,,,,,,,,,,,
43839,1645901695.3686051,1645901695.411166,115.0,0.0,4294.871582,4238.974121,4168.205078,4155.897461,4326.153809,16135.0,1.0,15.0,,,,0.0,4.0,1.0,2.0,4.0,4.0,58.33333199999999,,,,,,,,,,,,,,,,,,,,,,,,,,,,,,,,,,,,,,,,,,,,,,,,,,,,,,,,,,,,,,,,,,,,,,,,,,,,,,,,,,,,
43840,1645901695.3764179,1645901695.4189801,116.0,0.0,4302.05127,4240.0,4175.897461,4158.461426,4324.615234000001,450.0,1.0,15.0,,,,0.0,4.0,1.0,2.0,4.0,4.0,58.33333199999999,,,,,,,,58.0,0.0,0.722344,0.112305,0.658203,0.17993199999999998,0.9194479999999999,-0.401862,-0.119631,-0.028765,-0.033492,-0.014633000000000002,,,,,,,,,,,,,,,,,,,,,,,,,,,,,,,,,,,,,,,,,,,,,,,,,,,,,,,,,,,,,,,,,
43841,1645901695.384232,1645901695.426795,117.0,0.0,4318.461426,4195.897461,4217.436035,4160.0,4333.333496,450.0,1.0,15.0,,,,0.0,4.0,1.0,2.0,4.0,4.0,58.33333199999999,,,,,,,,,,,,,,,,,,,,,,,,,,,,,,,,,,,,,,,,,,,,,,,,,,,,,,,,,,,,,,,,,,,,,,,,,,,,,,,,,,,,
43842,1645901695.392046,1645901695.434609,118.0,0.0,4319.487305,4206.666504,4233.333496,4156.410156,4325.128418,450.0,1.0,15.0,,,,0.0,4.0,1.0,2.0,4.0,4.0,58.33333199999999,,,,,,,,59.0,0.0,0.722344,0.112305,0.658203,0.17993199999999998,0.914076,-0.40576799999999996,-0.11914200000000001,-0.029013,-0.033463,-0.015611000000000002,1.0,0.0,0.0,,,,,,,,,,,,,,,,,,,,,,,,,,,,,,,,0.0,0.0,1.0,0.0,512.0,0.818592,11.587727000000001,4.633846,3.0436509999999997,1.747255,1.0436299999999998,78.582581,34.648613,45.73827,21.994726,30.686539,20.567601999999997,22.877728,4.822702,4.243024,3.1646360000000002,6.622789999999999,5.668721,6.638024000000001,3.719143,2.6435310000000003,6.711013,6.9105229999999995,2.6445529999999997,2.096822,1.715137
43843,1645901695.39986,1645901695.442424,119.0,0.0,4307.179688,4228.717772999999,4270.256348,4170.769043,4298.974121,16135.0,1.0,15.0,,,,0.0,4.0,1.0,2.0,4.0,4.0,58.33333199999999,,,,,,,,,,,,,,,,,,,,,,,,,,,,,,,,,,,,,,,,,,,,,,,,,,,,,,,,,,,,,,,,,,,,,,,,,,,,,,,,,,,,
43844,1645901695.4076731,1645901695.4502392,120.0,0.0,4302.05127,4220.512695,4276.922852000001,4160.0,4287.179688,450.0,1.0,15.0,,,,0.0,4.0,1.0,2.0,4.0,4.0,58.33333199999999,,,,,,,,60.0,0.0,0.722344,0.112305,0.658203,0.17993199999999998,0.922377,-0.42090500000000003,-0.099611,-0.029286000000000003,-0.033339,-0.013415,,,,,,,,,,,,,,,,,,,,,,,,,,,,,,,,,,,,,,,,,,,,,,,,,,,,,,,,,,,,,,,,,
43845,1645901695.4154868,1645901695.458153,121.0,0.0,4313.846191,4247.179688,4271.282227000001,4126.153809,4294.871582,450.0,1.0,15.0,,,,0.0,4.0,1.0,2.0,4.0,4.0,58.33333199999999,,,,,,,,,,,,,,,,,,,,,,,,,,,,,,,,,,,,,,,,,,,,,,,,,,,,,,,,,,,,,,,,,,,,,,,,,,,,,,,,,,,,
43846,1645901695.423301,1645901695.465968,122.0,0.0,4318.461426,4242.05127,4228.205078,4132.820313,4296.922852000001,450.0,1.0,15.0,,,,0.0,4.0,1.0,2.0,4.0,4.0,58.33333199999999,,,,,,,,61.0,0.0,0.722306,0.112549,0.658203,0.17993199999999998,0.9155409999999999,-0.406256,-0.11230599999999999,-0.029531,-0.033375,-0.014466,,,,,,,,,,,,,,,,,,,,,,,,,,,,,,,,,,,0.0,0.0,1.0,0.0,512.0,0.818592,,,,,,,,,,,,,,,,,,,,,,,,,
43847,1645901695.4311152,1645901695.473783,123.0,0.0,4305.641113000001,4220.512695,4222.05127,4174.871582,4281.538574,16135.0,1.0,15.0,,,,0.0,4.0,1.0,2.0,4.0,4.0,58.33333199999999,,,,,,,,,,,,,,,,,,,,,,,,,,,,,,,,,,,,,,,,,,,,,,,,,,,,,,,,,,,,,,,,,,,,,,,,,,,,,,,,,,,,
43848,1645901695.438928,1645901695.4815972,124.0,0.0,4316.922852000001,4322.563965,4225.641113000001,4170.769043,4290.256348,450.0,1.0,15.0,,,,0.0,4.0,1.0,2.0,4.0,4.0,58.33333199999999,,,,,,,,62.0,0.0,0.722367,0.112549,0.658203,0.17968800000000001,0.9233540000000001,-0.411627,-0.109377,-0.02985,-0.033309,-0.015412,,,,,,,,,,,,,,,,,,,,,,,,,,,,,,,,,,,,,,,,,,,,,,,,,,,,,,,,,,,,,,,,,
43849,1645901695.446742,1645901695.4894118,125.0,0.0,4308.205078,4366.153809,4272.307617,4141.538574,4306.153809,450.0,1.0,15.0,,,,0.0,4.0,1.0,2.0,4.0,4.0,58.33333199999999,,,,,,,,,,,,,,,,,,,,,,,,,,,,,,,,,,,,,,,,,,,,,,,,,,,,,,,,,,,,,,,,,,,,,,,,,,,,,,,,,,,,
43850,1645901695.454556,1645901695.497227,126.0,0.0,4297.94873,4281.538574,4247.692383,4148.205078,4299.487305,450.0,1.0,15.0,,,,0.0,4.0,1.0,2.0,4.0,4.0,58.33333199999999,,,,,,,,63.0,0.0,0.722367,0.112549,0.658203,0.17968800000000001,0.913588,-0.386725,-0.109377,-0.02999,-0.033347,-0.013138999999999998,,,,,,,,,,,,,,,,,,,,,,,,,,,,,,,,,,,0.0,0.0,1.0,0.0,512.0,0.818592,,,,,,,,,,,,,,,,,,,,,,,,,
43851,1645901695.46237,1645901695.5050411,127.0,0.0,4294.871582,4293.846191,4255.384765999999,4135.384765999999,4278.461426,232.0,1.0,15.0,,,,0.0,4.0,1.0,2.0,4.0,4.0,58.33333199999999,,,,,,,,,,,,,,,,,,,,,,,,,,,,,,,,,,,,,,,,,,,,,,,,,,,,,,,,,,,,,,,,,,,,,,,,,,,,,,,,,,,,
43852,1645901695.470183,1645901695.512856,0.0,0.0,4304.102539,4286.153809,4262.05127,4125.641113000001,4278.974121,450.0,1.0,15.0,,,,0.0,4.0,1.0,2.0,4.0,4.0,58.33333199999999,,,,,,,,0.0,0.0,0.722405,0.112305,0.658203,0.17968800000000001,0.9209129999999999,-0.40576799999999996,-0.11230599999999999,-0.030116000000000004,-0.033382,-0.014266,,,,,,,,,,,,,,,,,,,,,,,,,,,,,,,,,,,,,,,,,,,,,,,,,,,,,,,,,,,,,,,,,
43853,1645901695.477997,1645901695.5207698,1.0,0.0,4312.820313,4181.538574,4217.436035,4135.897461,4293.333496,450.0,1.0,15.0,,,,0.0,4.0,1.0,1.0,4.0,4.0,50.0,,,,,,,,,,,,,,,,,,,,,,,,,,,,,,,,,,,,,,,,,,,,,,,,,,,,,,,,,,,,,,,,,,,,,,,,,,,,,,,,,,,,
43854,1645901695.485811,1645901695.528585,2.0,0.0,4337.436035,4204.102539,4191.282227000001,4144.102539,4312.307617,16141.0,1.0,15.0,,,,0.0,4.0,1.0,1.0,4.0,4.0,50.0,,,,,,,,1.0,0.0,0.722503,0.112061,0.658203,0.17944300000000002,0.917494,-0.400885,-0.11133,-0.030425,-0.033413,-0.012107,,,,,,,,,,,,,,,,,,,,,,,,,,,,,,,,,,,0.0,0.0,1.0,0.0,512.0,0.818592,,,,,,,,,,,,,,,,,,,,,,,,,
43855,1645901695.493625,1645901695.5364,3.0,0.0,4348.205078,4300.0,4186.666504,4139.487305,4307.179688,450.0,1.0,15.0,,,,0.0,4.0,1.0,1.0,4.0,4.0,50.0,,,,,,,,,,,,,,,,,,,,,,,,,,,,,,,,,,,,,,,,,,,,,,,,,,,,,,,,,,,,,,,,,,,,,,,,,,,,,,,,,,,,
43856,1645901695.5014381,1645901695.544214,4.0,0.0,4339.487305,4270.769043,4173.333496,4177.436035,4306.153809,124.0,1.0,15.0,,,,0.0,4.0,1.0,1.0,4.0,4.0,50.0,,,,,,,,2.0,0.0,0.7222810000000001,0.112061,0.658447,0.17944300000000002,0.9340959999999999,-0.40381500000000004,-0.11718900000000002,-0.030556,-0.033392000000000005,-0.01324,,,,,,,,,,,,,,,,,,,,,,,,,,,,,,,,,,,,,,,,,,,,,,,,,,,,,,,,,,,,,,,,,
43857,1645901695.509252,1645901695.552029,5.0,0.0,4328.205078,4221.538574,4207.179688,4217.436035,4310.256348,450.0,1.0,15.0,,,,0.0,4.0,1.0,1.0,4.0,4.0,50.0,,,,,,,,,,,,,,,,,,,,,,,,,,,,,,,,,,,,,,,,,,,,,,,,,,,,,,,,,,,,,,,,,,,,,,,,,,,,,,,,,,,,
43858,1645901695.517066,1645901695.559844,6.0,0.0,4329.743652,4370.256348,4261.538574,4210.769043,4305.128418,163.0,1.0,15.0,,,,0.0,4.0,1.0,1.0,4.0,4.0,50.0,,,,,,,,3.0,0.0,0.7222810000000001,0.112061,0.658447,0.17944300000000002,0.909682,-0.409186,-0.105959,-0.030772000000000004,-0.033422,-0.014358000000000001,1.0,0.0,0.0,,,,,,,,,,,,,,,,,,,,,,,,,,,,,,,,0.0,0.0,1.0,0.0,512.0,0.668603,11.91023,4.786112,2.961306,1.9857200000000002,1.184826,66.634224,27.800518,35.079594,22.742987,33.194313,20.655304,22.227812,4.016057,4.1158589999999995,3.627994,7.393317,5.555546,6.181673,3.9817699999999996,2.619987,7.268503,6.148635,2.9495009999999997,2.20838,1.950969
43859,1645901695.524879,1645901695.567658,7.0,0.0,4336.922852000001,4484.615234000001,4219.487305,4154.358886999999,4291.282227000001,450.0,1.0,15.0,,,,0.0,4.0,1.0,1.0,4.0,4.0,50.0,,,,,,,,,,,,,,,,,,,,,,,,,,,,,,,,,,,,,,,,,,,,,,,,,,,,,,,,,,,,,,,,,,,,,,,,,,,,,,,,,,,,
43860,1645901695.532693,1645901695.575473,8.0,0.0,4330.769043,4324.615234000001,4226.666504,4118.974121,4304.615234000001,450.0,1.0,15.0,,,,0.0,4.0,1.0,1.0,4.0,4.0,50.0,,,,,,,,4.0,0.0,0.7222810000000001,0.112061,0.658447,0.17944300000000002,0.913588,-0.404791,-0.100587,-0.030917,-0.033546,-0.012336,,,,,,,,,,,,,,,,,,,,,,,,,,,,,,,,,,,,,,,,,,,,,,,,,,,,,,,,,,,,,,,,,
43861,1645901695.540507,1645901695.5832882,9.0,0.0,4311.282227000001,4200.512695,4249.230957,4122.563965,4309.230957,16096.0,1.0,15.0,,,,0.0,4.0,1.0,1.0,4.0,4.0,50.0,,,,,,,,,,,,,,,,,,,,,,,,,,,,,,,,,,,,,,,,,,,,,,,,,,,,,,,,,,,,,,,,,,,,,,,,,,,,,,,,,,,,
43862,1645901695.548321,1645901695.591102,10.0,0.0,4311.794922,4351.282227000001,4232.307617,4115.897461,4281.538574,450.0,1.0,15.0,,,,0.0,4.0,1.0,1.0,4.0,4.0,50.0,,,,,,,,5.0,0.0,0.7222810000000001,0.112061,0.658447,0.17944300000000002,0.925795,-0.399908,-0.10547000000000001,-0.031,-0.033512,-0.010516,,,,,,,,,,,,,,,,,,,,,,,,,,,,,,,,,,,0.0,0.0,1.0,0.0,512.0,0.668603,,,,,,,,,,,,,,,,,,,,,,,,,
43863,1645901695.556134,1645901695.599017,11.0,0.0,4325.128418,4398.461426,4231.794922,4116.922852000001,4271.794922,16185.0,1.0,15.0,,,,0.0,4.0,1.0,1.0,4.0,4.0,50.0,,,,,,,,,,,,,,,,,,,,,,,,,,,,,,,,,,,,,,,,,,,,,,,,,,,,,,,,,,,,,,,,,,,,,,,,,,,,,,,,,,,,
43864,1645901695.5639482,1645901695.606831,12.0,0.0,4322.05127,4273.846191,4288.205078,4150.256348,4280.0,450.0,1.0,15.0,,,,0.0,4.0,1.0,1.0,4.0,4.0,50.0,,,,,,,,6.0,0.0,0.722096,0.11181600000000001,0.658691,0.17944300000000002,0.913588,-0.40283800000000003,-0.104494,-0.031122000000000004,-0.033481,-0.011906,,,,,,,,,,,,,,,,,,,,,,,,,,,,,,,,,,,,,,,,,,,,,,,,,,,,,,,,,,,,,,,,,
43865,1645901695.5717618,1645901695.6146462,13.0,0.0,4320.0,4295.384765999999,4266.666504,4169.743652,4299.487305,450.0,1.0,15.0,,,,0.0,4.0,1.0,1.0,4.0,4.0,50.0,,,,,,,,,,,,,,,,,,,,,,,,,,,,,,,,,,,,,,,,,,,,,,,,,,,,,,,,,,,,,,,,,,,,,,,,,,,,,,,,,,,,
43866,1645901695.579576,1645901695.6224608,14.0,0.0,4315.384765999999,4326.666504,4277.436035,4154.358886999999,4302.563965,450.0,1.0,15.0,,,,0.0,4.0,1.0,1.0,4.0,4.0,50.0,,,,,,,,7.0,0.0,0.722035,0.11181600000000001,0.658691,0.17968800000000001,0.9194479999999999,-0.401862,-0.1084,-0.031330000000000004,-0.033454000000000005,-0.013011000000000002,,,,,,,,,,,,,,,,,,,,,,,,,,,,,,,,,,,0.0,0.0,1.0,0.0,512.0,0.668603,,,,,,,,,,,,,,,,,,,,,,,,,
43867,1645901695.587389,1645901695.630275,15.0,0.0,4327.179688,4227.692383,4246.666504,4139.487305,4311.794922,16185.0,1.0,15.0,,,,0.0,4.0,1.0,1.0,4.0,4.0,50.0,,,,,,,,,,,,,,,,,,,,,,,,,,,,,,,,,,,,,,,,,,,,,,,,,,,,,,,,,,,,,,,,,,,,,,,,,,,,,,,,,,,,
43868,1645901695.595203,1645901695.6380901,16.0,0.0,4331.282227000001,4184.102539,4206.666504,4134.871582,4323.077147999999,0.0,1.0,15.0,,,,0.0,4.0,1.0,1.0,4.0,4.0,50.0,,,,,,,,8.0,0.0,0.721813,0.11181600000000001,0.658936,0.17968800000000001,0.928725,-0.397955,-0.10351700000000001,-0.031322,-0.033331,-0.014102000000000002,,,,,,,,,,,,,,,,,,,,,,,,,,,,,,,,,,,,,,,,,,,,,,,,,,,,,,,,,,,,,,,,,
43869,1645901695.603017,1645901695.645905,17.0,0.0,4347.692383,4213.846191,4226.153809,4133.333496,4327.179688,0.0,1.0,15.0,,,,0.0,4.0,1.0,1.0,4.0,4.0,50.0,,,,,,,,,,,,,,,,,,,,,,,,,,,,,,,,,,,,,,,,,,,,,,,,,,,,,,,,,,,,,,,,,,,,,,,,,,,,,,,,,,,,
43870,1645901695.61083,1645901695.653719,18.0,0.0,4365.128418,4191.282227000001,4222.05127,4118.461426,4313.846191,0.0,1.0,15.0,,,,0.0,4.0,1.0,1.0,4.0,4.0,50.0,,,,,,,,9.0,0.0,0.721813,0.11181600000000001,0.658936,0.17968800000000001,0.9126120000000001,-0.401373,-0.10351700000000001,-0.031314999999999996,-0.033367,-0.012008,,,,,,,,,,,,,,,,,,,,,,,,,,,,,,,,,,,0.0,0.0,1.0,0.0,512.0,0.668603,,,,,,,,,,,,,,,,,,,,,,,,,
43871,1645901695.618644,1645901695.661534,19.0,0.0,4368.717772999999,4130.769043,4163.589844,4155.384765999999,4313.846191,0.0,1.0,15.0,,,,0.0,4.0,1.0,1.0,4.0,4.0,50.0,,,,,,,,,,,,,,,,,,,,,,,,,,,,,,,,,,,,,,,,,,,,,,,,,,,,,,,,,,,,,,,,,,,,,,,,,,,,,,,,,,,,
43872,1645901695.626458,1645901695.669349,20.0,0.0,4355.384765999999,4172.820313,4181.538574,4178.974121,4312.820313,0.0,1.0,15.0,,,,0.0,4.0,1.0,1.0,4.0,4.0,50.0,,,,,,,,10.0,0.0,0.721813,0.11181600000000001,0.658936,0.17968800000000001,0.909682,-0.387701,-0.10888800000000001,-0.031406,-0.033302,-0.013297999999999999,,,,,,,,,,,,,,,,,,,,,,,,,,,,,,,,,,,,,,,,,,,,,,,,,,,,,,,,,,,,,,,,,
43873,1645901695.634272,1645901695.677263,21.0,0.0,4348.717772999999,4246.666504,4257.436035,4153.846191,4306.153809,0.0,1.0,15.0,,,,0.0,4.0,1.0,1.0,4.0,4.0,50.0,,,,,,,,,,,,,,,,,,,,,,,,,,,,,,,,,,,,,,,,,,,,,,,,,,,,,,,,,,,,,,,,,,,,,,,,,,,,,,,,,,,,
43874,1645901695.642085,1645901695.685078,22.0,0.0,4343.077147999999,4191.794922,4242.05127,4154.358886999999,4286.153809,0.0,1.0,15.0,,,,0.0,4.0,1.0,1.0,4.0,4.0,50.0,1.0,25.0,4.0,0.0,0.0,3.0,4.0,11.0,0.0,0.721813,0.11181600000000001,0.658936,0.17968800000000001,0.928725,-0.397955,-0.10351700000000001,-0.031391,-0.033194,-0.014361,1.0,0.0,0.0,,,,,,,,,,,,,,,,,,,,,,,,,,,,,,,,0.0,0.0,1.0,0.0,512.0,0.9423299999999999,10.998138,4.6066199999999995,2.788417,2.280916,1.342447,50.840271,20.876392000000003,25.642162,24.033978,34.059321999999995,21.022635,22.296272000000002,3.4685040000000003,4.221312,4.196228,8.13117,5.723394,5.416364,4.174929,2.6194509999999998,7.599810000000001,5.356701999999999,3.139736,2.373264,2.177547
43875,1645901695.649899,1645901695.692892,23.0,0.0,4333.333496,4157.436035,4243.589844,4190.256348,4282.05127,0.0,1.0,15.0,,,,0.0,4.0,1.0,1.0,4.0,4.0,50.0,,,,,,,,,,,,,,,,,,,,,,,,,,,,,,,,,,,,,,,,,,,,,,,,,,,,,,,,,,,,,,,,,,,,,,,,,,,,,,,,,,,,
43876,1645901695.6577132,1645901695.700707,24.0,0.0,4329.743652,4255.897461,4242.563965,4171.282227000001,4288.205078,0.0,1.0,15.0,,,,0.0,4.0,1.0,1.0,4.0,4.0,50.0,,,,,,,,12.0,0.0,0.721813,0.11181600000000001,0.658936,0.17968800000000001,0.909682,-0.387701,-0.10888800000000001,-0.031474,-0.033145999999999995,-0.015415,,,,,,,,,,,,,,,,,,,,,,,,,,,,,,,,,,,,,,,,,,,,,,,,,,,,,,,,,,,,,,,,,
43877,1645901695.6655269,1645901695.708622,25.0,0.0,4327.692383,4288.205078,4250.256348,4136.410156,4297.436035,0.0,1.0,15.0,,,,0.0,4.0,1.0,1.0,4.0,4.0,50.0,,,,,,,,,,,,,,,,,,,,,,,,,,,,,,,,,,,,,,,,,,,,,,,,,,,,,,,,,,,,,,,,,,,,,,,,,,,,,,,,,,,,
43878,1645901695.67334,1645901695.716436,26.0,0.0,4318.974121,4181.025879,4261.538574,4156.410156,4295.384765999999,0.0,1.0,15.0,,,,0.0,4.0,1.0,1.0,4.0,4.0,50.0,,,,,,,,13.0,0.0,0.72185,0.111572,0.658936,0.17968800000000001,0.917983,-0.41358100000000003,-0.104494,-0.031501,-0.033201,-0.016315,,,,,,,,,,,,,,,,,,,,,,,,,,,,,,,,,,,0.0,0.0,1.0,0.0,512.0,0.9423299999999999,,,,,,,,,,,,,,,,,,,,,,,,,
43879,1645901695.681154,1645901695.724251,27.0,0.0,4322.563965,4152.307617,4275.384765999999,4163.589844,4287.692383,0.0,1.0,15.0,,,,0.0,4.0,1.0,1.0,4.0,4.0,50.0,,,,,,,,,,,,,,,,,,,,,,,,,,,,,,,,,,,,,,,,,,,,,,,,,,,,,,,,,,,,,,,,,,,,,,,,,,,,,,,,,,,,
43880,1645901695.688968,1645901695.732065,28.0,0.0,4345.128418,4179.487305,4232.307617,4143.589844,4295.897461,0.0,1.0,15.0,,,,0.0,4.0,1.0,1.0,4.0,4.0,50.0,,,,,,,,14.0,0.0,0.72185,0.111572,0.658936,0.17968800000000001,0.938003,-0.408209,-0.11523599999999999,-0.031574,-0.033201,-0.013902000000000001,,,,,,,,,,,,,,,,,,,,,,,,,,,,,,,,,,,,,,,,,,,,,,,,,,,,,,,,,,,,,,,,,
43881,1645901695.696782,1645901695.73988,29.0,0.0,4358.461426,4227.692383,4244.102539,4130.256348,4293.333496,0.0,1.0,15.0,,,,0.0,4.0,1.0,1.0,4.0,4.0,50.0,,,,,,,,,,,,,,,,,,,,,,,,,,,,,,,,,,,,,,,,,,,,,,,,,,,,,,,,,,,,,,,,,,,,,,,,,,,,,,,,,,,,
43882,1645901695.7045949,1645901695.747695,30.0,0.0,4349.230957,4255.897461,4271.282227000001,4142.05127,4279.487305,0.0,1.0,15.0,,,,0.0,4.0,1.0,1.0,4.0,4.0,50.0,,,,,,,,15.0,0.0,0.721529,0.11181600000000001,0.65918,0.17993199999999998,0.920424,-0.404791,-0.101076,-0.031639,-0.033299,-0.014903999999999999,,,,,,,,,,,,,,,,,,,,,,,,,,,,,,,,,,,0.0,0.0,1.0,0.0,512.0,0.9423299999999999,,,,,,,,,,,,,,,,,,,,,,,,,
43883,1645901695.712409,1645901695.755509,31.0,0.0,4331.794922,4166.153809,4254.871582,4153.333496,4267.692383,0.0,1.0,15.0,,,,0.0,4.0,1.0,1.0,4.0,4.0,50.0,,,,,,,,,,,,,,,,,,,,,,,,,,,,,,,,,,,,,,,,,,,,,,,,,,,,,,,,,,,,,,,,,,,,,,,,,,,,,,,,,,,,
43884,1645901695.720223,1645901695.763324,32.0,0.0,4337.436035,4103.589844,4224.615234000001,4166.153809,4288.205078,0.0,1.0,15.0,,,,0.0,4.0,1.0,1.0,4.0,4.0,50.0,,,,,,,,16.0,0.0,0.721491,0.112061,0.65918,0.17993199999999998,0.920424,-0.401862,-0.104005,-0.028524,-0.03329,-0.015855,,,,,,,,,,,,,,,,,,,,,,,,,,,,,,,,,,,,,,,,,,,,,,,,,,,,,,,,,,,,,,,,,
43885,1645901695.7280369,1645901695.771239,33.0,0.0,4329.230957,4161.025879,4233.333496,4189.230957,4294.871582,0.0,1.0,15.0,,,,0.0,4.0,1.0,1.0,4.0,4.0,50.0,,,,,,,,,,,,,,,,,,,,,,,,,,,,,,,,,,,,,,,,,,,,,,,,,,,,,,,,,,,,,,,,,,,,,,,,,,,,,,,,,,,,
43886,1645901695.73585,1645901695.779053,34.0,0.0,4322.563965,4215.897461,4228.717772999999,4200.0,4289.230957,0.0,1.0,15.0,,,,0.0,4.0,1.0,1.0,4.0,4.0,50.0,,,,,,,,17.0,0.0,0.721491,0.112061,0.65918,0.17993199999999998,0.921889,-0.403326,-0.11230599999999999,-0.028894,-0.033427,-0.016614,,,,,,,,,,,,,,,,,,,,,,,,,,,,,,,,,,,0.0,0.0,1.0,0.0,512.0,0.9423299999999999,,,,,,,,,,,,,,,,,,,,,,,,,
43887,1645901695.743664,1645901695.7868679,35.0,0.0,4316.410156,4124.102539,4231.282227000001,4186.153809,4268.205078,0.0,1.0,15.0,,,,0.0,4.0,1.0,1.0,4.0,4.0,50.0,,,,,,,,,,,,,,,,,,,,,,,,,,,,,,,,,,,,,,,,,,,,,,,,,,,,,,,,,,,,,,,,,,,,,,,,,,,,,,,,,,,,
43888,1645901695.751478,1645901695.794683,36.0,0.0,4310.256348,4060.0,4246.153809,4204.615234000001,4271.282227000001,0.0,1.0,15.0,,,,0.0,4.0,1.0,1.0,4.0,4.0,50.0,,,,,,,,18.0,0.0,0.72123,0.112305,0.659424,0.17993199999999998,0.916518,-0.409674,-0.106447,-0.029179000000000004,-0.033356,-0.014269,,,,,,,,,,,,,,,,,,,,,,,,,,,,,,,,,,,,,,,,,,,,,,,,,,,,,,,,,,,,,,,,,
43889,1645901695.759292,1645901695.8024971,37.0,0.0,4287.179688,4126.666504,4203.077147999999,4236.922852000001,4283.077147999999,0.0,1.0,15.0,,,,0.0,4.0,1.0,1.0,4.0,4.0,50.0,,,,,,,,,,,,,,,,,,,,,,,,,,,,,,,,,,,,,,,,,,,,,,,,,,,,,,,,,,,,,,,,,,,,,,,,,,,,,,,,,,,,
43890,1645901695.767105,1645901695.810312,38.0,0.0,4285.128418,4169.743652,4212.307617,4218.461426,4290.769043,0.0,1.0,15.0,,,,0.0,4.0,1.0,1.0,4.0,4.0,50.0,,,,,,,,19.0,0.0,0.721169,0.112305,0.659424,0.180176,0.917006,-0.389166,-0.10351700000000001,-0.02963,-0.033389999999999996,-0.015332,1.0,0.0,0.0,,,,,,,,,,,,,,,,,,,,,,,,,,,,,,,,0.0,0.0,1.0,0.0,512.0,1.0,9.123134,4.082376,2.508918,2.522488,1.4729510000000001,35.468284999999995,15.689746,19.990154,25.478468,33.223167,21.729782,22.939449,3.340539,4.7156199999999995,4.75427,8.707955,5.976255,4.553881,4.256312,2.665852,7.894479,4.792114,3.173943,2.555403,2.349617
43891,1645901695.774919,1645901695.818126,39.0,0.0,4297.436035,4110.769043,4305.128418,4160.0,4293.846191,0.0,1.0,15.0,,,,0.0,4.0,1.0,1.0,4.0,4.0,50.0,,,,,,,,,,,,,,,,,,,,,,,,,,,,,,,,,,,,,,,,,,,,,,,,,,,,,,,,,,,,,,,,,,,,,,,,,,,,,,,,,,,,
43892,1645901695.782733,1645901695.825941,40.0,0.0,4308.205078,4015.897461,4313.333496,4147.179688,4287.179688,0.0,1.0,15.0,,,,0.0,4.0,1.0,1.0,4.0,4.0,50.0,,,,,,,,20.0,0.0,0.721169,0.112305,0.659424,0.180176,0.916518,-0.41065100000000004,-0.104005,-0.029938,-0.033518,-0.013066,,,,,,,,,,,,,,,,,,,,,,,,,,,,,,,,,,,,,,,,,,,,,,,,,,,,,,,,,,,,,,,,,
43893,1645901695.7905462,1645901695.833756,41.0,0.0,4313.333496,3962.5642090000006,4240.512695,4156.410156,4277.94873,0.0,1.0,15.0,,,,0.0,4.0,1.0,1.0,4.0,4.0,50.0,,,,,,,,,,,,,,,,,,,,,,,,,,,,,,,,,,,,,,,,,,,,,,,,,,,,,,,,,,,,,,,,,,,,,,,,,,,,,,,,,,,,
43894,1645901695.7983599,1645901695.84167,42.0,0.0,4311.282227000001,3929.2307130000004,4282.563965,4153.333496,4272.820313,0.0,1.0,15.0,,,,0.0,4.0,1.0,1.0,4.0,4.0,50.0,,,,,,,,21.0,0.0,0.721169,0.112305,0.659424,0.180176,0.914565,-0.407233,-0.103029,-0.030167000000000003,-0.033535,-0.01425,,,,,,,,,,,,,,,,,,,,,,,,,,,,,,,,,,,0.0,0.0,1.0,0.0,512.0,1.0,,,,,,,,,,,,,,,,,,,,,,,,,
43895,1645901695.806174,1645901695.849485,43.0,0.0,4318.461426,3941.025635,4260.512695,4148.205078,4288.717772999999,0.0,1.0,15.0,,,,0.0,4.0,1.0,1.0,4.0,4.0,50.0,,,,,,,,,,,,,,,,,,,,,,,,,,,,,,,,,,,,,,,,,,,,,,,,,,,,,,,,,,,,,,,,,,,,,,,,,,,,,,,,,,,,
43896,1645901695.813988,1645901695.8574,44.0,0.0,4304.615234000001,3966.1538090000004,4234.871582,4151.282227000001,4291.794922,0.0,1.0,15.0,,,,0.0,4.0,1.0,1.0,4.0,4.0,50.0,,,,,,,,22.0,0.0,0.721169,0.112305,0.659424,0.180176,0.921889,-0.401862,-0.09765800000000001,-0.030422,-0.033551,-0.012140999999999999,,,,,,,,,,,,,,,,,,,,,,,,,,,,,,,,,,,,,,,,,,,,,,,,,,,,,,,,,,,,,,,,,
43897,1645901695.821801,1645901695.865214,45.0,0.0,4306.666504,3947.6923829999996,4278.974121,4152.820313,4286.153809,0.0,1.0,15.0,,,,0.0,4.0,1.0,1.0,4.0,4.0,50.0,,,,,,,,,,,,,,,,,,,,,,,,,,,,,,,,,,,,,,,,,,,,,,,,,,,,,,,,,,,,,,,,,,,,,,,,,,,,,,,,,,,,
43898,1645901695.829615,1645901695.873029,46.0,0.0,4323.077147999999,3996.4101560000004,4307.692383,4150.256348,4285.128418,0.0,1.0,15.0,,,,0.0,4.0,1.0,1.0,4.0,4.0,50.0,,,,,,,,23.0,0.0,0.721169,0.112305,0.659424,0.180176,0.9272600000000001,-0.409186,-0.116701,-0.030554,-0.033565,-0.013319999999999999,,,,,,,,,,,,,,,,,,,,,,,,,,,,,,,,,,,0.0,0.0,1.0,0.0,512.0,1.0,,,,,,,,,,,,,,,,,,,,,,,,,
43899,1645901695.8374288,1645901695.880843,47.0,0.0,4341.025879,4152.307617,4228.717772999999,4170.769043,4291.282227000001,0.0,1.0,15.0,,,,0.0,4.0,1.0,1.0,4.0,4.0,50.0,,,,,,,,,,,,,,,,,,,,,,,,,,,,,,,,,,,,,,,,,,,,,,,,,,,,,,,,,,,,,,,,,,,,,,,,,,,,,,,,,,,,
43900,1645901695.845243,1645901695.888658,48.0,0.0,4345.641113000001,4266.666504,4223.589844,4191.282227000001,4297.436035,0.0,1.0,15.0,,,,0.0,4.0,1.0,1.0,4.0,4.0,50.0,,,,,,,,24.0,0.0,0.721108,0.112305,0.659424,0.18042,0.922377,-0.41944,-0.098634,-0.027547000000000002,-0.033578,-0.011401999999999999,,,,,,,,,,,,,,,,,,,,,,,,,,,,,,,,,,,,,,,,,,,,,,,,,,,,,,,,,,,,,,,,,
43901,1645901695.853056,1645901695.896473,49.0,0.0,4344.102539,4195.384765999999,4244.102539,4212.820313,4308.717772999999,0.0,1.0,15.0,,,,0.0,4.0,1.0,1.0,4.0,4.0,50.0,,,,,,,,,,,,,,,,,,,,,,,,,,,,,,,,,,,,,,,,,,,,,,,,,,,,,,,,,,,,,,,,,,,,,,,,,,,,,,,,,,,,
43902,1645901695.86087,1645901695.9042869,50.0,0.0,4336.922852000001,4060.0,4213.846191,4211.794922,4298.974121,0.0,1.0,15.0,,,,0.0,4.0,1.0,1.0,4.0,4.0,50.0,,,,,,,,25.0,0.0,0.721169,0.112305,0.659424,0.180176,0.9155409999999999,-0.406744,-0.107424,-0.028064,-0.033589,-0.012654,,,,,,,,,,,,,,,,,,,,,,,,,,,,,,,,,,,0.0,0.0,1.0,0.0,512.0,1.0,,,,,,,,,,,,,,,,,,,,,,,,,
43903,1645901695.868684,1645901695.912102,51.0,0.0,4332.820313,4044.615479,4233.333496,4218.974121,4301.538574,0.0,1.0,15.0,,,,0.0,4.0,1.0,1.0,4.0,4.0,50.0,,,,,,,,,,,,,,,,,,,,,,,,,,,,,,,,,,,,,,,,,,,,,,,,,,,,,,,,,,,,,,,,,,,,,,,,,,,,,,,,,,,,
43904,1645901695.876497,1645901695.920017,52.0,0.0,4325.641113000001,4083.076904,4237.94873,4242.563965,4301.025879,0.0,1.0,15.0,,,,0.0,4.0,1.0,1.0,4.0,4.0,50.0,,,,,,,,26.0,0.0,0.721169,0.112305,0.659424,0.180176,0.9077290000000001,-0.39502600000000004,-0.1084,-0.028333999999999998,-0.033551,-0.010705,,,,,,,,,,,,,,,,,,,,,,,,,,,,,,,,,,,,,,,,,,,,,,,,,,,,,,,,,,,,,,,,,
43905,1645901695.884311,1645901695.9278312,53.0,0.0,4341.025879,4090.256348,4184.615234000001,4236.922852000001,4313.846191,0.0,1.0,15.0,,,,0.0,4.0,1.0,1.0,4.0,4.0,50.0,,,,,,,,,,,,,,,,,,,,,,,,,,,,,,,,,,,,,,,,,,,,,,,,,,,,,,,,,,,,,,,,,,,,,,,,,,,,,,,,,,,,
43906,1645901695.892125,1645901695.935646,54.0,0.0,4337.436035,4037.4357909999994,4198.974121,4177.436035,4314.871582,0.0,1.0,15.0,,,,0.0,4.0,1.0,1.0,4.0,4.0,50.0,,,,,,,,27.0,0.0,0.7211310000000001,0.112549,0.659424,0.180176,0.9209129999999999,-0.40528000000000003,-0.101564,-0.02887,-0.033516000000000004,-0.008951,1.0,0.0,0.0,,,,,,,,,,,,,,,,,,,,,,,,,,,,,,,,0.0,0.0,1.0,0.0,512.0,1.0,7.036721000000001,3.4389019999999997,2.141084,2.635829,1.538187,24.180006,13.512765,19.095852,26.407232,31.345057,22.986960999999997,23.832148,3.643324,5.671092,5.172667,9.069873,6.166012,3.915464,4.271642,2.758409,8.2344,4.572323,3.063591,2.694615,2.42266
43907,1645901695.899939,1645901695.943461,55.0,0.0,4322.05127,4005.641113,4278.461426,4136.410156,4291.794922,0.0,1.0,15.0,,,,0.0,4.0,1.0,1.0,4.0,4.0,50.0,,,,,,,,,,,,,,,,,,,,,,,,,,,,,,,,,,,,,,,,,,,,,,,,,,,,,,,,,,,,,,,,,,,,,,,,,,,,,,,,,,,,
43908,1645901695.907752,1645901695.951275,56.0,0.0,4326.666504,4062.0512700000004,4260.0,4150.256348,4283.077147999999,0.0,1.0,15.0,,,,0.0,4.0,1.0,1.0,4.0,4.0,50.0,,,,,,,,28.0,0.0,0.7211310000000001,0.112549,0.659424,0.180176,0.910658,-0.39942,-0.10009900000000001,-0.029157,-0.033485,-0.010498,,,,,,,,,,,,,,,,,,,,,,,,,,,,,,,,,,,,,,,,,,,,,,,,,,,,,,,,,,,,,,,,,
43909,1645901695.915566,1645901695.95909,57.0,0.0,4354.358886999999,4132.820313,4221.538574,4146.153809,4299.487305,0.0,1.0,15.0,,,,0.0,4.0,1.0,1.0,4.0,4.0,50.0,,,,,,,,,,,,,,,,,,,,,,,,,,,,,,,,,,,,,,,,,,,,,,,,,,,,,,,,,,,,,,,,,,,,,,,,,,,,,,,,,,,,
43910,1645901695.9233801,1645901695.966904,58.0,0.0,4348.205078,4120.0,4254.871582,4123.077147999999,4306.666504,0.0,1.0,15.0,,,,0.0,4.0,1.0,1.0,4.0,4.0,50.0,,,,,,,,29.0,0.0,0.7211310000000001,0.112549,0.659424,0.180176,0.9072399999999999,-0.407233,-0.098634,-0.029463999999999997,-0.033602999999999994,-0.011889,,,,,,,,,,,,,,,,,,,,,,,,,,,,,,,,,,,0.0,0.0,1.0,0.0,512.0,1.0,,,,,,,,,,,,,,,,,,,,,,,,,
43911,1645901695.9311938,1645901695.974719,59.0,0.0,4311.794922,4091.281982,4314.358886999999,4181.025879,4282.05127,0.0,1.0,15.0,,,,0.0,4.0,1.0,1.0,4.0,4.0,50.0,,,,,,,,,,,,,,,,,,,,,,,,,,,,,,,,,,,,,,,,,,,,,,,,,,,,,,,,,,,,,,,,,,,,,,,,,,,,,,,,,,,,
43912,1645901695.939007,1645901695.982534,60.0,0.0,4311.794922,4132.307617,4274.358886999999,4237.436035,4293.846191,0.0,1.0,15.0,,,,0.0,4.0,1.0,1.0,4.0,4.0,50.0,,,,,,,,30.0,0.0,0.721169,0.112305,0.659424,0.180176,0.920424,-0.399908,-0.102052,-0.02974,-0.033612,-0.013093,,,,,,,,,,,,,,,,,,,,,,,,,,,,,,,,,,,,,,,,,,,,,,,,,,,,,,,,,,,,,,,,,
43913,1645901695.9468212,1645901695.990348,61.0,0.0,4315.897461,4132.820313,4284.615234000001,4202.05127,4302.563965,0.0,1.0,15.0,,,,0.0,4.0,1.0,1.0,4.0,4.0,50.0,,,,,,,,,,,,,,,,,,,,,,,,,,,,,,,,,,,,,,,,,,,,,,,,,,,,,,,,,,,,,,,,,,,,,,,,,,,,,,,,,,,,
43914,1645901695.954635,1645901695.9982631,62.0,0.0,4323.589844,4155.897461,4276.410156,4151.282227000001,4287.692383,0.0,1.0,15.0,,,,0.0,4.0,2.0,2.0,4.0,4.0,66.666664,,,,,,,,31.0,0.0,0.721169,0.112305,0.659424,0.180176,0.9199360000000001,-0.41113900000000003,-0.099611,-0.029939999999999998,-0.033571,-0.011149,,,,,,,,,,,,,,,,,,,,,,,,,,,,,,,,,,,0.0,0.0,1.0,0.0,512.0,1.0,,,,,,,,,,,,,,,,,,,,,,,,,
43915,1645901695.9624481,1645901696.006078,63.0,0.0,4314.871582,4261.025879,4266.666504,4140.0,4296.410156,0.0,1.0,15.0,,,,0.0,4.0,2.0,2.0,4.0,4.0,66.666664,,,,,,,,,,,,,,,,,,,,,,,,,,,,,,,,,,,,,,,,,,,,,,,,,,,,,,,,,,,,,,,,,,,,,,,,,,,,,,,,,,,,
43916,1645901695.9702618,1645901696.013892,64.0,0.0,4338.974121,4288.717772999999,4226.666504,4145.641113000001,4324.615234000001,450.0,1.0,15.0,,,,0.0,4.0,2.0,2.0,4.0,4.0,66.666664,,,,,,,,32.0,0.0,0.72123,0.112305,0.659424,0.17993199999999998,0.922377,-0.393561,-0.10888800000000001,-0.030022000000000004,-0.033437,-0.012475,,,,,,,,,,,,,,,,,,,,,,,,,,,,,,,,,,,,,,,,,,,,,,,,,,,,,,,,,,,,,,,,,
43917,1645901695.978076,1645901696.021707,65.0,0.0,4365.641113000001,4114.871582,4205.641113000001,4146.666504,4336.410156,450.0,1.0,15.0,,,,0.0,4.0,2.0,2.0,4.0,4.0,66.666664,,,,,,,,,,,,,,,,,,,,,,,,,,,,,,,,,,,,,,,,,,,,,,,,,,,,,,,,,,,,,,,,,,,,,,,,,,,,,,,,,,,,
43918,1645901695.9858902,1645901696.0295222,66.0,0.0,4357.436035,3807.6923829999996,4211.282227000001,4172.820313,4333.333496,16208.0,1.0,15.0,,,,0.0,4.0,2.0,2.0,4.0,4.0,66.666664,,,,,,,,33.0,0.0,0.72123,0.112305,0.659424,0.17993199999999998,0.9077290000000001,-0.39502600000000004,-0.112795,-0.03034,-0.033413,-0.010447,,,,,,,,,,,,,,,,,,,,,,,,,,,,,,,,,,,0.0,0.0,1.0,0.0,512.0,1.0,,,,,,,,,,,,,,,,,,,,,,,,,
43919,1645901695.993703,1645901696.0373359,67.0,0.0,4360.512695,3583.5898439999996,4218.461426,4166.153809,4314.871582,450.0,1.0,15.0,,,,0.0,4.0,2.0,2.0,4.0,4.0,66.666664,,,,,,,,,,,,,,,,,,,,,,,,,,,,,,,,,,,,,,,,,,,,,,,,,,,,,,,,,,,,,,,,,,,,,,,,,,,,,,,,,,,,
43920,1645901696.001517,1645901696.045151,68.0,0.0,4363.589844,3513.8461909999996,4223.077147999999,4181.025879,4319.487305,304.0,1.0,15.0,,,,0.0,4.0,2.0,2.0,4.0,4.0,66.666664,,,,,,,,34.0,0.0,0.721169,0.112305,0.659424,0.180176,0.9277489999999999,-0.40528000000000003,-0.120119,-0.030529,-0.033441000000000005,-0.011795,,,,,,,,,,,,,,,,,,,,,,,,,,,,,,,,,,,,,,,,,,,,,,,,,,,,,,,,,,,,,,,,,
43921,1645901696.009331,1645901696.052965,69.0,0.0,4323.077147999999,3477.9487299999996,4206.666504,4227.179688,4310.769043,450.0,1.0,15.0,,,,0.0,4.0,2.0,2.0,4.0,4.0,66.666664,,,,,,,,,,,,,,,,,,,,,,,,,,,,,,,,,,,,,,,,,,,,,,,,,,,,,,,,,,,,,,,,,,,,,,,,,,,,,,,,,,,,
43922,1645901696.017145,1645901696.06078,70.0,0.0,4332.820313,3486.1538090000004,4242.563965,4219.487305,4300.0,203.0,1.0,15.0,,,,0.0,4.0,2.0,2.0,4.0,4.0,66.666664,,,,,,,,35.0,0.0,0.72123,0.112305,0.659424,0.17993199999999998,0.922377,-0.393561,-0.10888800000000001,-0.030552,-0.033319999999999995,-0.013057,1.0,0.0,0.0,,,,,,,,,,,,,,,,,,,,,,,,,,,,,,,,0.0,0.0,1.0,0.0,512.0,1.0,5.252687,3.057961,1.770289,2.5905709999999997,1.512727,20.333199,14.751130999999999,22.499336,26.273490999999996,29.526569,24.847984,24.641679999999997,4.273592,6.957657000000001,5.375127,9.30545,6.432596,3.8061,4.319626,2.8707599999999998,8.614493,4.683083,2.83823,2.735092,2.369703
43923,1645901696.024958,1645901696.0686948,71.0,0.0,4391.282227000001,3581.025635,4246.666504,4166.153809,4323.077147999999,450.0,1.0,15.0,,,,0.0,4.0,2.0,2.0,4.0,4.0,66.666664,,,,,,,,,,,,,,,,,,,,,,,,,,,,,,,,,,,,,,,,,,,,,,,,,,,,,,,,,,,,,,,,,,,,,,,,,,,,,,,,,,,,
43924,1645901696.032772,1645901696.076509,72.0,0.0,4435.897461,3685.1281740000004,4247.179688,4164.615234000001,4387.692383,450.0,1.0,15.0,,,,0.0,4.0,2.0,2.0,4.0,4.0,66.666664,,,,,,,,36.0,0.0,0.721192,0.112549,0.659424,0.17993199999999998,0.914076,-0.39453699999999997,-0.111818,-0.030573000000000003,-0.033211000000000004,-0.014191999999999998,,,,,,,,,,,,,,,,,,,,,,,,,,,,,,,,,,,,,,,,,,,,,,,,,,,,,,,,,,,,,,,,,
43925,1645901696.040586,1645901696.0843241,73.0,0.0,4536.922852000001,3862.0512700000004,4282.05127,4178.974121,4453.846191,16308.0,1.0,15.0,,,,0.0,4.0,2.0,2.0,4.0,4.0,66.666664,,,,,,,,,,,,,,,,,,,,,,,,,,,,,,,,,,,,,,,,,,,,,,,,,,,,,,,,,,,,,,,,,,,,,,,,,,,,,,,,,,,,
43926,1645901696.0484,1645901696.092139,74.0,0.0,4678.974121,4148.717772999999,4331.794922,4161.025879,4528.205078,450.0,1.0,15.0,,,,0.0,4.0,2.0,2.0,4.0,4.0,66.666664,,,,,,,,37.0,0.0,0.721192,0.112549,0.659424,0.17993199999999998,0.928725,-0.40381500000000004,-0.112795,-0.03069,-0.033259,-0.015116999999999998,,,,,,,,,,,,,,,,,,,,,,,,,,,,,,,,,,,0.0,0.0,1.0,0.0,512.0,1.0,,,,,,,,,,,,,,,,,,,,,,,,,
43927,1645901696.0562131,1645901696.099953,75.0,0.0,4769.230957,4267.692383,4285.641113000001,4171.794922,4607.692383,16264.0,1.0,15.0,,,,0.0,4.0,2.0,2.0,4.0,4.0,66.666664,,,,,,,,,,,,,,,,,,,,,,,,,,,,,,,,,,,,,,,,,,,,,,,,,,,,,,,,,,,,,,,,,,,,,,,,,,,,,,,,,,,,
43928,1645901696.064027,1645901696.107768,76.0,0.0,4823.077147999999,4226.666504,4237.94873,4176.410156,4632.307617,450.0,1.0,15.0,,,,0.0,4.0,2.0,2.0,4.0,4.0,66.666664,,,,,,,,38.0,0.0,0.721093,0.112793,0.659424,0.180176,0.9184709999999999,-0.39942,-0.1084,-0.030795,-0.033302,-0.015998,,,,,,,,,,,,,,,,,,,,,,,,,,,,,,,,,,,,,,,,,,,,,,,,,,,,,,,,,,,,,,,,,
43929,1645901696.071841,1645901696.115583,77.0,0.0,4886.153809,4232.307617,4237.94873,4147.179688,4657.94873,450.0,1.0,15.0,,,,0.0,4.0,2.0,2.0,4.0,4.0,66.666664,,,,,,,,,,,,,,,,,,,,,,,,,,,,,,,,,,,,,,,,,,,,,,,,,,,,,,,,,,,,,,,,,,,,,,,,,,,,,,,,,,,,
43930,1645901696.0796552,1645901696.123397,78.0,0.0,4907.692383,4241.025879,4260.0,4153.846191,4703.589844,450.0,1.0,15.0,,,,0.0,4.0,2.0,2.0,4.0,4.0,66.666664,,,,,,,,39.0,0.0,0.721093,0.112793,0.659424,0.180176,0.914565,-0.408209,-0.10693499999999999,-0.030938,-0.033341,-0.016839,,,,,,,,,,,,,,,,,,,,,,,,,,,,,,,,,,,0.0,0.0,1.0,0.0,512.0,1.0,,,,,,,,,,,,,,,,,,,,,,,,,
43931,1645901696.087468,1645901696.131212,79.0,0.0,4935.384765999999,4238.974121,4246.153809,4166.153809,4748.205078,16264.0,1.0,15.0,,,,0.0,4.0,2.0,2.0,4.0,4.0,66.666664,,,,,,,,,,,,,,,,,,,,,,,,,,,,,,,,,,,,,,,,,,,,,,,,,,,,,,,,,,,,,,,,,,,,,,,,,,,,,,,,,,,,
43932,1645901696.095282,1645901696.139126,80.0,0.0,4965.641113000001,4276.922852000001,4261.025879,4154.871582,4767.179688,450.0,1.0,15.0,,,,0.0,4.0,2.0,2.0,4.0,4.0,66.666664,,,,,,,,40.0,0.0,0.7211310000000001,0.112549,0.659424,0.180176,0.929702,-0.400885,-0.10888800000000001,-0.031163999999999997,-0.033523000000000004,-0.014374000000000001,,,,,,,,,,,,,,,,,,,,,,,,,,,,,,,,,,,,,,,,,,,,,,,,,,,,,,,,,,,,,,,,,
43933,1645901696.103096,1645901696.146941,81.0,0.0,4993.333496,4265.128418,4249.230957,4168.205078,4786.666504,450.0,1.0,15.0,,,,0.0,4.0,2.0,2.0,4.0,4.0,66.666664,,,,,,,,,,,,,,,,,,,,,,,,,,,,,,,,,,,,,,,,,,,,,,,,,,,,,,,,,,,,,,,,,,,,,,,,,,,,,,,,,,,,
43934,1645901696.11091,1645901696.154756,82.0,0.0,5021.538574,4179.487305,4238.461426,4170.256348,4790.769043,450.0,1.0,15.0,,,,0.0,4.0,2.0,2.0,4.0,4.0,66.666664,,,,,,,,41.0,0.0,0.7211310000000001,0.112549,0.659424,0.180176,0.9131,-0.40381500000000004,-0.102052,-0.031222000000000003,-0.033491,-0.015328999999999999,,,,,,,,,,,,,,,,,,,,,,,,,,,,,,,,,,,0.0,0.0,1.0,0.0,512.0,1.0,,,,,,,,,,,,,,,,,,,,,,,,,
43935,1645901696.1187232,1645901696.16257,83.0,0.0,5028.205078,4189.230957,4238.461426,4184.102539,4783.077147999999,16264.0,1.0,15.0,,,,0.0,4.0,2.0,2.0,4.0,4.0,66.666664,,,,,,,,,,,,,,,,,,,,,,,,,,,,,,,,,,,,,,,,,,,,,,,,,,,,,,,,,,,,,,,,,,,,,,,,,,,,,,,,,,,,
43936,1645901696.1265368,1645901696.170385,84.0,0.0,4996.410156,4289.743652,4225.641113000001,4211.794922,4754.871582,450.0,1.0,15.0,,,,0.0,4.0,2.0,2.0,4.0,4.0,66.666664,,,,,,,,42.0,0.0,0.7211310000000001,0.112549,0.659424,0.180176,0.917494,-0.400885,-0.102052,-0.031225,-0.033511,-0.013064,,,,,,,,,,,,,,,,,,,,,,,,,,,,,,,,,,,,,,,,,,,,,,,,,,,,,,,,,,,,,,,,,
43937,1645901696.134351,1645901696.1782,85.0,0.0,4951.282227000001,4398.461426,4222.05127,4205.128418,4708.205078,450.0,1.0,15.0,,,,0.0,4.0,2.0,2.0,4.0,4.0,66.666664,,,,,,,,,,,,,,,,,,,,,,,,,,,,,,,,,,,,,,,,,,,,,,,,,,,,,,,,,,,,,,,,,,,,,,,,,,,,,,,,,,,,
43938,1645901696.142164,1645901696.1860142,86.0,0.0,4911.282227000001,4507.179688,4220.512695,4164.615234000001,4656.922852000001,450.0,1.0,15.0,,,,0.0,4.0,2.0,2.0,4.0,4.0,66.666664,1.0,25.0,3.0,0.0,0.0,3.0,3.0,43.0,0.0,0.7211310000000001,0.112549,0.659424,0.180176,0.9072399999999999,-0.410163,-0.11621300000000001,-0.031374,-0.033578,-0.01415,1.0,0.0,0.0,,,,,,,,,,,,,,,,,,,,,,,,,,,,,,,,0.0,0.0,1.0,0.0,512.0,0.952902,4.407776999999999,3.178945,1.516253,2.421998,1.396253,27.182748999999998,21.854055,28.575384000000003,24.708929,28.650127,27.077084999999997,25.191124,5.050312,8.248005000000001,5.391589,9.451589,7.2253,4.344007,4.50186,2.96162,8.941136,4.955896,2.537305,2.658389,2.197151
43939,1645901696.149978,1645901696.1938288,87.0,0.0,4902.05127,4513.333496,4255.897461,4161.025879,4627.692383,16264.0,1.0,15.0,,,,0.0,4.0,2.0,2.0,4.0,4.0,66.666664,,,,,,,,,,,,,,,,,,,,,,,,,,,,,,,,,,,,,,,,,,,,,,,,,,,,,,,,,,,,,,,,,,,,,,,,,,,,,,,,,,,,
43940,1645901696.157792,1645901696.201644,88.0,0.0,4871.794922,4395.897461,4274.871582,4165.128418,4600.0,450.0,1.0,15.0,,,,0.0,4.0,2.0,2.0,4.0,4.0,66.666664,,,,,,,,44.0,0.0,0.7211310000000001,0.112549,0.659424,0.180176,0.906264,-0.40576799999999996,-0.11523599999999999,-0.031508,-0.033589,-0.015177000000000001,,,,,,,,,,,,,,,,,,,,,,,,,,,,,,,,,,,,,,,,,,,,,,,,,,,,,,,,,,,,,,,,,
43941,1645901696.165606,1645901696.209558,89.0,0.0,4794.358886999999,4365.128418,4293.333496,4167.692383,4578.461426,450.0,1.0,15.0,,,,0.0,4.0,2.0,2.0,4.0,4.0,66.666664,,,,,,,,,,,,,,,,,,,,,,,,,,,,,,,,,,,,,,,,,,,,,,,,,,,,,,,,,,,,,,,,,,,,,,,,,,,,,,,,,,,,
43942,1645901696.173419,1645901696.2173731,90.0,0.0,4711.794922,4231.282227000001,4268.717772999999,4195.897461,4551.794922,450.0,1.0,15.0,,,,0.0,4.0,2.0,2.0,4.0,4.0,66.666664,,,,,,,,45.0,0.0,0.7211310000000001,0.112549,0.659424,0.180176,0.9233540000000001,-0.410163,-0.106447,-0.031531,-0.033599000000000004,-0.0161,,,,,,,,,,,,,,,,,,,,,,,,,,,,,,,,,,,10.0,0.0,1.0,0.0,512.0,0.952902,,,,,,,,,,,,,,,,,,,,,,,,,
43943,1645901696.181233,1645901696.2251868,91.0,0.0,4647.179688,3953.3332520000004,4265.128418,4217.436035,4487.179688,16264.0,1.0,15.0,,,,0.0,4.0,2.0,2.0,4.0,4.0,66.666664,,,,,,,,,,,,,,,,,,,,,,,,,,,,,,,,,,,,,,,,,,,,,,,,,,,,,,,,,,,,,,,,,,,,,,,,,,,,,,,,,,,,
43944,1645901696.189047,1645901696.233002,92.0,0.0,4589.743652,3946.1538090000004,4233.333496,4202.563965,4438.461426,450.0,1.0,15.0,,,,0.0,4.0,2.0,2.0,4.0,4.0,66.666664,,,,,,,,46.0,0.0,0.721192,0.112549,0.659424,0.17993199999999998,0.917006,-0.41065100000000004,-0.10351700000000001,-0.031601,-0.033511,-0.016834000000000002,,,,,,,,,,,,,,,,,,,,,,,,,,,,,,,,,,,,,,,,,,,,,,,,,,,,,,,,,,,,,,,,,
43945,1645901696.19686,1645901696.240817,93.0,0.0,4546.153809,4165.128418,4268.205078,4156.410156,4427.179688,450.0,1.0,15.0,,,,0.0,4.0,2.0,2.0,4.0,4.0,66.666664,,,,,,,,,,,,,,,,,,,,,,,,,,,,,,,,,,,,,,,,,,,,,,,,,,,,,,,,,,,,,,,,,,,,,,,,,,,,,,,,,,,,
43946,1645901696.204674,1645901696.248631,94.0,0.0,4532.307617,4156.922852000001,4292.307617,4149.230957,4417.436035,450.0,1.0,15.0,,,,0.0,4.0,2.0,2.0,4.0,4.0,66.666664,,,,,,,,47.0,0.0,0.7214149999999999,0.112549,0.65918,0.17993199999999998,0.9243309999999999,-0.401862,-0.1084,-0.031566000000000004,-0.033578,-0.014369999999999999,,,,,,,,,,,,,,,,,,,,,,,,,,,,,,,,,,,10.0,0.0,1.0,0.0,512.0,0.952902,,,,,,,,,,,,,,,,,,,,,,,,,
43947,1645901696.2124882,1645901696.2564461,95.0,0.0,4493.846191,3983.076904,4264.615234000001,4177.436035,4402.563965,16264.0,1.0,15.0,,,,0.0,4.0,2.0,2.0,4.0,4.0,66.666664,,,,,,,,,,,,,,,,,,,,,,,,,,,,,,,,,,,,,,,,,,,,,,,,,,,,,,,,,,,,,,,,,,,,,,,,,,,,,,,,,,,,
43948,1645901696.2203019,1645901696.264261,96.0,0.0,4442.05127,4045.641113,4212.820313,4185.641113000001,4393.333496,450.0,1.0,15.0,,,,0.0,4.0,2.0,2.0,4.0,4.0,66.666664,,,,,,,,48.0,0.0,0.7214149999999999,0.112549,0.65918,0.17993199999999998,0.914565,-0.39649,-0.107424,-0.031583,-0.033492,-0.015325,,,,,,,,,,,,,,,,,,,,,,,,,,,,,,,,,,,,,,,,,,,,,,,,,,,,,,,,,,,,,,,,,
43949,1645901696.228115,1645901696.272075,97.0,0.0,4393.846191,4275.897461,4204.102539,4144.615234000001,4356.922852000001,450.0,1.0,15.0,,,,0.0,4.0,2.0,2.0,4.0,4.0,66.666664,,,,,,,,,,,,,,,,,,,,,,,,,,,,,,,,,,,,,,,,,,,,,,,,,,,,,,,,,,,,,,,,,,,,,,,,,,,,,,,,,,,,
43950,1645901696.235929,1645901696.27989,98.0,0.0,4358.974121,4390.769043,4221.538574,4143.077147999999,4330.769043,450.0,1.0,15.0,,,,0.0,4.0,2.0,2.0,4.0,4.0,66.666664,,,,,,,,49.0,0.0,0.7214149999999999,0.112549,0.65918,0.17993199999999998,0.910658,-0.412116,-0.09668099999999999,-0.03155,-0.033561,-0.012913999999999998,,,,,,,,,,,,,,,,,,,,,,,,,,,,,,,,,,,10.0,0.0,1.0,0.0,512.0,0.952902,,,,,,,,,,,,,,,,,,,,,,,,,
43951,1645901696.243743,1645901696.287804,99.0,0.0,4323.589844,4114.871582,4230.256348,4174.871582,4309.743652,16264.0,1.0,15.0,,,,0.0,4.0,2.0,2.0,4.0,4.0,66.666664,,,,,,,,,,,,,,,,,,,,,,,,,,,,,,,,,,,,,,,,,,,,,,,,,,,,,,,,,,,,,,,,,,,,,,,,,,,,,,,,,,,,
43952,1645901696.251557,1645901696.295619,100.0,0.0,4293.846191,3735.384521,4221.538574,4180.512695,4298.974121,450.0,1.0,15.0,,,,0.0,4.0,2.0,2.0,4.0,4.0,66.666664,,,,,,,,50.0,0.0,0.721377,0.112793,0.65918,0.17993199999999998,0.914565,-0.394049,-0.10498199999999999,-0.031617,-0.033476,-0.010841,,,,,,,,,,,,,,,,,,,,,,,,,,,,,,,,,,,,,,,,,,,,,,,,,,,,,,,,,,,,,,,,,
43953,1645901696.2593699,1645901696.303434,101.0,0.0,4248.205078,3912.820557,4205.128418,4167.179688,4278.461426,450.0,1.0,15.0,,,,0.0,4.0,2.0,2.0,4.0,4.0,66.666664,,,,,,,,,,,,,,,,,,,,,,,,,,,,,,,,,,,,,,,,,,,,,,,,,,,,,,,,,,,,,,,,,,,,,,,,,,,,,,,,,,,,
43954,1645901696.267184,1645901696.311248,102.0,0.0,4242.05127,4398.974121,4233.333496,4160.0,4277.94873,450.0,1.0,15.0,,,,0.0,4.0,2.0,2.0,4.0,4.0,66.666664,,,,,,,,51.0,0.0,0.721278,0.11303699999999998,0.65918,0.180176,0.929213,-0.389166,-0.11084200000000001,-0.031678,-0.033546,-0.012052,1.0,0.0,0.0,,,,,,,,,,,,,,,,,,,,,,,,,,,,,,,,10.0,0.0,1.0,0.0,512.0,0.949216,8.531995,4.318083000000001,1.643994,2.20019,1.220356,58.450396999999995,47.021542,37.160892,22.468479000000002,28.904778999999998,29.195241999999997,25.517109,5.777075,9.12974,5.3428629999999995,9.751985000000001,8.996806,5.536471,4.852749,3.0018689999999997,10.997719,5.610148000000001,2.26377,2.479654,1.9396369999999998
43955,1645901696.274998,1645901696.3190632,103.0,0.0,4264.102539,4498.974121,4246.153809,4143.589844,4298.974121,16264.0,1.0,15.0,,,,0.0,4.0,2.0,2.0,4.0,4.0,66.666664,,,,,,,,,,,,,,,,,,,,,,,,,,,,,,,,,,,,,,,,,,,,,,,,,,,,,,,,,,,,,,,,,,,,,,,,,,,,,,,,,,,,
43956,1645901696.2828119,1645901696.3268778,104.0,0.0,4299.487305,4325.128418,4271.794922,4137.94873,4322.563965,450.0,1.0,15.0,,,,0.0,4.0,2.0,2.0,4.0,4.0,66.666664,,,,,,,,52.0,0.0,0.7212390000000001,0.11328099999999999,0.65918,0.180176,0.908217,-0.39697899999999997,-0.111818,-0.031831,-0.03361,-0.013238999999999999,,,,,,,,,,,,,,,,,,,,,,,,,,,,,,,,,,,,,,,,,,,,,,,,,,,,,,,,,,,,,,,,,
43957,1645901696.290625,1645901696.334692,105.0,0.0,4407.692383,4330.256348,4283.077147999999,4140.512695,4373.333496,450.0,1.0,15.0,,,,0.0,4.0,2.0,2.0,4.0,4.0,66.666664,,,,,,,,,,,,,,,,,,,,,,,,,,,,,,,,,,,,,,,,,,,,,,,,,,,,,,,,,,,,,,,,,,,,,,,,,,,,,,,,,,,,
43958,1645901696.298439,1645901696.3425071,106.0,0.0,4576.922852000001,4400.0,4263.589844,4129.230957,4471.794922,450.0,1.0,15.0,,,,0.0,4.0,2.0,2.0,4.0,4.0,66.666664,,,,,,,,53.0,0.0,0.721377,0.112793,0.65918,0.17993199999999998,0.914565,-0.394049,-0.10498199999999999,-0.031822,-0.033667,-0.014357,,,,,,,,,,,,,,,,,,,,,,,,,,,,,,,,,,,10.0,0.0,1.0,0.0,512.0,0.949216,,,,,,,,,,,,,,,,,,,,,,,,,
43959,1645901696.306253,1645901696.3504212,107.0,0.0,4695.897461,4357.436035,4229.230957,4122.563965,4571.282227000001,16264.0,1.0,15.0,,,,0.0,4.0,2.0,2.0,4.0,4.0,66.666664,,,,,,,,,,,,,,,,,,,,,,,,,,,,,,,,,,,,,,,,,,,,,,,,,,,,,,,,,,,,,,,,,,,,,,,,,,,,,,,,,,,,
43960,1645901696.314067,1645901696.3582358,108.0,0.0,4745.128418,4370.256348,4250.256348,4148.205078,4594.358886999999,450.0,1.0,15.0,,,,0.0,4.0,2.0,2.0,4.0,4.0,66.666664,,,,,,,,54.0,0.0,0.7212390000000001,0.11328099999999999,0.65918,0.180176,0.908217,-0.39697899999999997,-0.111818,-0.03196,-0.033718,-0.015314,,,,,,,,,,,,,,,,,,,,,,,,,,,,,,,,,,,,,,,,,,,,,,,,,,,,,,,,,,,,,,,,,
43961,1645901696.32188,1645901696.366051,109.0,0.0,4830.256348,4417.94873,4242.563965,4160.512695,4620.0,450.0,1.0,15.0,,,,0.0,4.0,2.0,2.0,4.0,4.0,66.666664,,,,,,,,,,,,,,,,,,,,,,,,,,,,,,,,,,,,,,,,,,,,,,,,,,,,,,,,,,,,,,,,,,,,,,,,,,,,,,,,,,,,
43962,1645901696.329694,1645901696.3738651,110.0,0.0,4914.871582,4194.358886999999,4255.384765999999,4142.05127,4691.282227000001,450.0,1.0,15.0,,,,0.0,4.0,2.0,2.0,4.0,4.0,66.666664,,,,,,,,55.0,0.0,0.72114,0.113525,0.65918,0.18042,0.9306780000000001,-0.406256,-0.11035299999999999,-0.031938,-0.033618,-0.01305,,,,,,,,,,,,,,,,,,,,,,,,,,,,,,,,,,,0.0,0.0,1.0,0.0,512.0,0.949216,,,,,,,,,,,,,,,,,,,,,,,,,
43963,1645901696.337508,1645901696.38168,111.0,0.0,4995.897461,3740.512939,4255.897461,4146.666504,4774.871582,16264.0,1.0,15.0,,,,0.0,4.0,2.0,2.0,4.0,4.0,66.666664,,,,,,,,,,,,,,,,,,,,,,,,,,,,,,,,,,,,,,,,,,,,,,,,,,,,,,,,,,,,,,,,,,,,,,,,,,,,,,,,,,,,
43964,1645901696.3453221,1645901696.389495,112.0,0.0,5076.410156,3534.8718259999996,4245.641113000001,4151.794922,4810.769043,450.0,1.0,15.0,,,,0.0,4.0,2.0,2.0,4.0,4.0,66.666664,,,,,,,,56.0,0.0,0.721363,0.113525,0.658936,0.18042,0.922866,-0.404791,-0.107912,-0.028793,-0.033674,-0.014088999999999999,,,,,,,,,,,,,,,,,,,,,,,,,,,,,,,,,,,,,,,,,,,,,,,,,,,,,,,,,,,,,,,,,
43965,1645901696.3531349,1645901696.397309,113.0,0.0,5153.846191,3592.3076170000004,4218.974121,4162.563965,4820.512695,450.0,1.0,15.0,,,,0.0,4.0,2.0,2.0,4.0,4.0,66.666664,,,,,,,,,,,,,,,,,,,,,,,,,,,,,,,,,,,,,,,,,,,,,,,,,,,,,,,,,,,,,,,,,,,,,,,,,,,,,,,,,,,,
43966,1645901696.360949,1645901696.405124,114.0,0.0,5205.128418,3534.8718259999996,4227.692383,4169.230957,4823.077147999999,450.0,1.0,15.0,,,,0.0,4.0,2.0,2.0,4.0,4.0,66.666664,,,,,,,,57.0,0.0,0.721363,0.113525,0.658936,0.18042,0.9209129999999999,-0.41944,-0.104005,-0.029136000000000002,-0.033725,-0.011899,,,,,,,,,,,,,,,,,,,,,,,,,,,,,,,,,,,0.0,0.0,1.0,0.0,512.0,0.949216,,,,,,,,,,,,,,,,,,,,,,,,,
43967,1645901696.368763,1645901696.412939,115.0,0.0,5216.410156,3480.512939,4217.436035,4175.897461,4815.384765999999,16264.0,1.0,15.0,,,,0.0,4.0,2.0,2.0,4.0,4.0,66.666664,,,,,,,,,,,,,,,,,,,,,,,,,,,,,,,,,,,,,,,,,,,,,,,,,,,,,,,,,,,,,,,,,,,,,,,,,,,,,,,,,,,,
43968,1645901696.376576,1645901696.420753,116.0,0.0,5188.205078,3618.461426,4211.282227000001,4182.563965,4782.05127,450.0,1.0,15.0,,,,0.0,4.0,2.0,2.0,4.0,4.0,66.666664,,,,,,,,58.0,0.0,0.721363,0.113525,0.658936,0.18042,0.929213,-0.416022,-0.11572400000000001,-0.029397000000000003,-0.033624,-0.013053,,,,,,,,,,,,,,,,,,,,,,,,,,,,,,,,,,,,,,,,,,,,,,,,,,,,,,,,,,,,,,,,,
43969,1645901696.38439,1645901696.428668,117.0,0.0,5137.94873,3729.743652,4255.897461,4203.077147999999,4733.333496,450.0,1.0,15.0,,,,0.0,4.0,2.0,2.0,4.0,4.0,66.666664,,,,,,,,,,,,,,,,,,,,,,,,,,,,,,,,,,,,,,,,,,,,,,,,,,,,,,,,,,,,,,,,,,,,,,,,,,,,,,,,,,,,
43970,1645901696.3922038,1645901696.436482,118.0,0.0,5058.461426,3718.974365,4261.538574,4198.974121,4656.410156,450.0,1.0,15.0,,,,0.0,4.0,2.0,2.0,4.0,4.0,66.666664,,,,,,,,59.0,0.0,0.7214619999999999,0.11328099999999999,0.658936,0.180176,0.906264,-0.399908,-0.111818,-0.02968,-0.033679,-0.014091,1.0,0.0,0.0,,,,,,,,,,,,,,,,,,,,,,,,,,,,,,,,0.0,0.0,1.0,0.0,512.0,1.0,29.931334999999997,6.979366000000001,2.6229259999999996,2.046066,1.03752,139.32347099999998,110.566193,51.339169,21.792175,30.101647999999997,30.721918,25.76889,6.282373000000001,9.322585,5.35147,10.351617,11.694971,7.255719,5.340157,2.986498,21.051482999999998,6.854732,2.14509,2.264236,1.645309
43971,1645901696.400018,1645901696.444297,119.0,0.0,4947.179688,3726.6667479999996,4272.820313,4178.974121,4605.641113000001,16264.0,1.0,15.0,,,,0.0,4.0,2.0,2.0,4.0,4.0,66.666664,,,,,,,,,,,,,,,,,,,,,,,,,,,,,,,,,,,,,,,,,,,,,,,,,,,,,,,,,,,,,,,,,,,,,,,,,,,,,,,,,,,,
43972,1645901696.407831,1645901696.452112,120.0,0.0,4838.461426,3770.256348,4285.641113000001,4165.128418,4587.692383,450.0,1.0,15.0,,,,0.0,4.0,2.0,2.0,4.0,4.0,66.666664,,,,,,,,60.0,0.0,0.7214619999999999,0.11328099999999999,0.658936,0.180176,0.922377,-0.401373,-0.100587,-0.029837,-0.03373,-0.012145,,,,,,,,,,,,,,,,,,,,,,,,,,,,,,,,,,,,,,,,,,,,,,,,,,,,,,,,,,,,,,,,,
43973,1645901696.415645,1645901696.459926,121.0,0.0,4761.025879,3836.923096,4277.436035,4144.102539,4523.589844,450.0,1.0,15.0,,,,0.0,4.0,2.0,2.0,4.0,4.0,66.666664,,,,,,,,,,,,,,,,,,,,,,,,,,,,,,,,,,,,,,,,,,,,,,,,,,,,,,,,,,,,,,,,,,,,,,,,,,,,,,,,,,,,
43974,1645901696.423459,1645901696.467741,122.0,0.0,4677.94873,3900.0,4249.743652,4125.128418,4425.128418,450.0,1.0,15.0,,,,0.0,4.0,2.0,2.0,4.0,4.0,66.666664,,,,,,,,61.0,0.0,0.7214619999999999,0.11328099999999999,0.658936,0.180176,0.929213,-0.407721,-0.102052,-0.030026999999999998,-0.033823,-0.010198,,,,,,,,,,,,,,,,,,,,,,,,,,,,,,,,,,,0.0,0.0,1.0,0.0,512.0,1.0,,,,,,,,,,,,,,,,,,,,,,,,,
43975,1645901696.431273,1645901696.4755561,123.0,0.0,4587.179688,3894.8718259999996,4301.025879,4125.128418,4375.897461,16264.0,1.0,15.0,,,,0.0,4.0,2.0,2.0,4.0,4.0,66.666664,,,,,,,,,,,,,,,,,,,,,,,,,,,,,,,,,,,,,,,,,,,,,,,,,,,,,,,,,,,,,,,,,,,,,,,,,,,,,,,,,,,,
43976,1645901696.439086,1645901696.4833698,124.0,0.0,4504.615234000001,3865.1281740000004,4258.974121,4134.358886999999,4364.102539,450.0,1.0,15.0,,,,0.0,4.0,2.0,2.0,4.0,4.0,66.666664,,,,,,,,62.0,0.0,0.721562,0.11303699999999998,0.658936,0.17993199999999998,0.9248190000000001,-0.41406899999999996,-0.107912,-0.030247000000000003,-0.033761,-0.011571,,,,,,,,,,,,,,,,,,,,,,,,,,,,,,,,,,,,,,,,,,,,,,,,,,,,,,,,,,,,,,,,,
43977,1645901696.4469,1645901696.491185,125.0,0.0,4434.871582,3879.487061,4199.487305,4167.692383,4310.256348,450.0,1.0,15.0,,,,0.0,4.0,2.0,2.0,4.0,4.0,66.666664,,,,,,,,,,,,,,,,,,,,,,,,,,,,,,,,,,,,,,,,,,,,,,,,,,,,,,,,,,,,,,,,,,,,,,,,,,,,,,,,,,,,
43978,1645901696.454714,1645901696.4991,126.0,0.0,4401.538574,3893.8461909999996,4182.05127,4172.307617,4268.717772999999,450.0,1.0,15.0,,,,0.0,4.0,4.0,0.0,4.0,4.0,66.666664,,,,,,,,63.0,0.0,0.721562,0.11303699999999998,0.658936,0.17993199999999998,0.9233540000000001,-0.396002,-0.100587,-0.030445,-0.033852,-0.012855000000000002,,,,,,,,,,,,,,,,,,,,,,,,,,,,,,,,,,,10.0,0.0,1.0,0.0,512.0,1.0,,,,,,,,,,,,,,,,,,,,,,,,,
43979,1645901696.462527,1645901696.5069141,127.0,0.0,4352.307617,3886.6667479999996,4212.820313,4122.05127,4269.743652,232.0,1.0,15.0,,,,0.0,4.0,4.0,0.0,4.0,4.0,66.666664,,,,,,,,,,,,,,,,,,,,,,,,,,,,,,,,,,,,,,,,,,,,,,,,,,,,,,,,,,,,,,,,,,,,,,,,,,,,,,,,,,,,
43980,1645901696.470341,1645901696.514729,0.0,0.0,4305.641113000001,3947.6923829999996,4215.384765999999,4116.410156,4260.0,450.0,1.0,15.0,,,,0.0,4.0,4.0,0.0,4.0,4.0,66.666664,,,,,,,,0.0,0.0,0.721622,0.11303699999999998,0.658936,0.17968800000000001,0.908217,-0.39649,-0.09668099999999999,-0.030574,-0.033885000000000005,-0.010837000000000001,,,,,,,,,,,,,,,,,,,,,,,,,,,,,,,,,,,,,,,,,,,,,,,,,,,,,,,,,,,,,,,,,
43981,1645901696.4781551,1645901696.522543,1.0,0.0,4297.436035,4033.3332520000004,4223.589844,4116.410156,4233.846191,450.0,1.0,15.0,,,,0.0,4.0,4.0,0.0,4.0,4.0,66.666664,,,,,,,,,,,,,,,,,,,,,,,,,,,,,,,,,,,,,,,,,,,,,,,,,,,,,,,,,,,,,,,,,,,,,,,,,,,,,,,,,,,,
43982,1645901696.4859688,1645901696.530358,2.0,0.0,4280.0,3963.076904,4236.922852000001,4123.077147999999,4239.487305,16242.0,1.0,15.0,,,,0.0,4.0,4.0,0.0,4.0,4.0,66.666664,,,,,,,,1.0,0.0,0.7217210000000001,0.112793,0.658936,0.17944300000000002,0.9233540000000001,-0.386725,-0.11767799999999999,-0.030739999999999996,-0.033866,-0.012195000000000001,,,,,,,,,,,,,,,,,,,,,,,,,,,,,,,,,,,10.0,0.0,1.0,0.0,512.0,1.0,,,,,,,,,,,,,,,,,,,,,,,,,
43983,1645901696.493782,1645901696.538173,3.0,0.0,4205.128418,3813.8461909999996,4228.205078,4192.307617,4200.512695,450.0,1.0,15.0,,,,0.0,4.0,4.0,0.0,4.0,4.0,66.666664,,,,,,,,,,,,,,,,,,,,,,,,,,,,,,,,,,,,,,,,,,,,,,,,,,,,,,,,,,,,,,,,,,,,,,,,,,,,,,,,,,,,
43984,1645901696.5015962,1645901696.545987,4.0,0.0,4173.846191,3808.205078,4217.94873,4225.128418,4167.179688,16152.0,1.0,15.0,,,,0.0,4.0,4.0,0.0,4.0,4.0,66.666664,,,,,,,,2.0,0.0,0.72182,0.112549,0.658936,0.179199,0.929702,-0.389166,-0.10547000000000001,-0.030888,-0.033946,-0.013416999999999998,,,,,,,,,,,,,,,,,,,,,,,,,,,,,,,,,,,,,,,,,,,,,,,,,,,,,,,,,,,,,,,,,
43985,1645901696.50941,1645901696.553802,5.0,0.0,4149.230957,3862.0512700000004,4228.717772999999,4144.615234000001,4205.128418,450.0,1.0,15.0,,,,0.0,4.0,4.0,0.0,4.0,4.0,66.666664,,,,,,,,,,,,,,,,,,,,,,,,,,,,,,,,,,,,,,,,,,,,,,,,,,,,,,,,,,,,,,,,,,,,,,,,,,,,,,,,,,,,
43986,1645901696.517224,1645901696.561617,6.0,0.0,4093.8461909999996,3857.4357909999994,4254.871582,4130.256348,4215.384765999999,0.0,1.0,15.0,,,,0.0,4.0,4.0,0.0,4.0,4.0,66.666664,,,,,,,,3.0,0.0,0.72182,0.112549,0.658936,0.179199,0.929702,-0.397955,-0.105959,-0.031169,-0.033823,-0.014468,1.0,0.0,0.0,,,,,,,,,,,,,,,,,,,,,,,,,,,,,,,,10.0,0.0,1.0,0.0,512.0,1.0,101.962349,11.968404,5.1075669999999995,2.136052,0.9019469999999999,296.202911,232.000229,75.893745,26.048610999999998,32.63755,31.245287,26.169947,6.457193,8.823807,5.460081,11.267887,14.782205,9.175367,5.884572,2.942155,55.037273,9.543892,2.3720779999999997,2.1487380000000003,1.366006
43987,1645901696.5250368,1645901696.569431,7.0,0.0,4093.8461909999996,3882.5642090000006,4202.563965,4180.512695,4147.179688,450.0,1.0,15.0,,,,0.0,4.0,4.0,0.0,4.0,4.0,66.666664,,,,,,,,,,,,,,,,,,,,,,,,,,,,,,,,,,,,,,,,,,,,,,,,,,,,,,,,,,,,,,,,,,,,,,,,,,,,,,,,,,,,
43988,1645901696.532851,1645901696.577346,8.0,0.0,4135.384765999999,4019.487061,4215.897461,4165.128418,4137.436035,450.0,1.0,15.0,,,,0.0,4.0,4.0,0.0,4.0,4.0,66.666664,,,,,,,,4.0,0.0,0.721597,0.112549,0.65918,0.179199,0.920424,-0.401373,-0.11621300000000001,-0.031275,-0.033859,-0.012289,,,,,,,,,,,,,,,,,,,,,,,,,,,,,,,,,,,,,,,,,,,,,,,,,,,,,,,,,,,,,,,,,
43989,1645901696.5406651,1645901696.585161,9.0,0.0,4107.692383,4138.461426,4268.717772999999,4142.563965,4178.461426,16210.0,1.0,15.0,,,,0.0,4.0,4.0,0.0,4.0,4.0,66.666664,,,,,,,,,,,,,,,,,,,,,,,,,,,,,,,,,,,,,,,,,,,,,,,,,,,,,,,,,,,,,,,,,,,,,,,,,,,,,,,,,,,,
43990,1645901696.548478,1645901696.592975,10.0,0.0,4063.5898439999996,4129.230957,4271.794922,4154.871582,4156.410156,450.0,1.0,15.0,,,,0.0,4.0,4.0,0.0,4.0,4.0,66.666664,,,,,,,,5.0,0.0,0.7217819999999999,0.112793,0.658936,0.179199,0.9184709999999999,-0.39697899999999997,-0.104005,-0.03137,-0.033891000000000004,-0.013647999999999999,,,,,,,,,,,,,,,,,,,,,,,,,,,,,,,,,,,10.0,0.0,1.0,0.0,512.0,1.0,,,,,,,,,,,,,,,,,,,,,,,,,
43991,1645901696.556292,1645901696.60079,11.0,0.0,4070.7692869999996,4017.4357909999994,4251.794922,4149.743652,4137.436035,16308.0,1.0,15.0,,,,0.0,4.0,4.0,0.0,4.0,4.0,66.666664,,,,,,,,,,,,,,,,,,,,,,,,,,,,,,,,,,,,,,,,,,,,,,,,,,,,,,,,,,,,,,,,,,,,,,,,,,,,,,,,,,,,
43992,1645901696.564106,1645901696.608604,12.0,0.0,4043.5898439999996,3976.923096,4330.256348,4144.102539,4156.922852000001,450.0,1.0,15.0,,,,0.0,4.0,4.0,0.0,4.0,4.0,66.666664,,,,,,,,6.0,0.0,0.7217210000000001,0.112793,0.658936,0.17944300000000002,0.9111469999999999,-0.40283800000000003,-0.095216,-0.031407,-0.03392,-0.011648,,,,,,,,,,,,,,,,,,,,,,,,,,,,,,,,,,,,,,,,,,,,,,,,,,,,,,,,,,,,,,,,,
43993,1645901696.57192,1645901696.6164188,13.0,0.0,4020.0,4058.974365,4321.538574,4152.307617,4158.461426,450.0,1.0,15.0,,,,0.0,4.0,4.0,0.0,4.0,4.0,66.666664,,,,,,,,,,,,,,,,,,,,,,,,,,,,,,,,,,,,,,,,,,,,,,,,,,,,,,,,,,,,,,,,,,,,,,,,,,,,,,,,,,,,
43994,1645901696.579733,1645901696.624234,14.0,0.0,4069.743652,4058.461426,4218.461426,4154.358886999999,4141.538574,450.0,1.0,15.0,,,,0.0,4.0,4.0,0.0,4.0,4.0,66.666664,,,,,,,,7.0,0.0,0.7217210000000001,0.112793,0.658936,0.17944300000000002,0.9199360000000001,-0.39014299999999996,-0.104494,-0.031342,-0.033946,-0.012875999999999999,,,,,,,,,,,,,,,,,,,,,,,,,,,,,,,,,,,10.0,0.0,1.0,0.0,512.0,1.0,,,,,,,,,,,,,,,,,,,,,,,,,
43995,1645901696.587547,1645901696.6320481,15.0,0.0,4101.538574,4033.8461909999996,4196.410156,4173.333496,4166.153809,16308.0,1.0,15.0,,,,0.0,4.0,4.0,0.0,4.0,4.0,66.666664,,,,,,,,,,,,,,,,,,,,,,,,,,,,,,,,,,,,,,,,,,,,,,,,,,,,,,,,,,,,,,,,,,,,,,,,,,,,,,,,,,,,
43996,1645901696.595361,1645901696.6399632,16.0,0.0,4018.461426,4081.538574,4299.487305,4198.461426,4161.025879,0.0,1.0,15.0,,,,0.0,4.0,4.0,0.0,4.0,4.0,66.666664,,,,,,,,8.0,0.0,0.7217210000000001,0.112793,0.658936,0.17944300000000002,0.9126120000000001,-0.401373,-0.10888800000000001,-0.031431,-0.033774,-0.011002,,,,,,,,,,,,,,,,,,,,,,,,,,,,,,,,,,,,,,,,,,,,,,,,,,,,,,,,,,,,,,,,,
43997,1645901696.603175,1645901696.647778,17.0,0.0,3994.8718259999996,4056.923096,4267.692383,4214.358886999999,4113.846191,0.0,1.0,15.0,,,,0.0,4.0,4.0,0.0,4.0,4.0,66.666664,,,,,,,,,,,,,,,,,,,,,,,,,,,,,,,,,,,,,,,,,,,,,,,,,,,,,,,,,,,,,,,,,,,,,,,,,,,,,,,,,,,,
43998,1645901696.610989,1645901696.655592,18.0,0.0,4096.922852000001,4005.641113,4140.512695,4176.922852000001,4115.384765999999,0.0,1.0,15.0,,,,0.0,4.0,4.0,0.0,4.0,4.0,66.666664,,,,,,,,9.0,0.0,0.7217210000000001,0.112793,0.658936,0.17944300000000002,0.913588,-0.392096,-0.099123,-0.031412999999999996,-0.033619,-0.009120999999999999,,,,,,,,,,,,,,,,,,,,,,,,,,,,,,,,,,,0.0,0.0,1.0,0.0,512.0,1.0,,,,,,,,,,,,,,,,,,,,,,,,,
43999,1645901696.618802,1645901696.663407,19.0,0.0,4142.563965,4030.256348,4148.717772999999,4162.05127,4184.102539,0.0,1.0,15.0,,,,0.0,4.0,4.0,0.0,4.0,4.0,66.666664,,,,,,,,,,,,,,,,,,,,,,,,,,,,,,,,,,,,,,,,,,,,,,,,,,,,,,,,,,,,,,,,,,,,,,,,,,,,,,,,,,,,
44000,1645901696.626616,1645901696.671222,20.0,0.0,4052.820557,4002.0512700000004,4218.974121,4227.179688,4176.410156,0.0,1.0,15.0,,,,0.0,4.0,4.0,0.0,4.0,4.0,66.666664,,,,,,,,10.0,0.0,0.721759,0.112549,0.658936,0.17944300000000002,0.9091940000000001,-0.406256,-0.10351700000000001,-0.031396,-0.033578,-0.010601000000000001,,,,,,,,,,,,,,,,,,,,,,,,,,,,,,,,,,,,,,,,,,,,,,,,,,,,,,,,,,,,,,,,,
44001,1645901696.6344302,1645901696.679136,21.0,0.0,4032.820557,4010.7692869999996,4212.820313,4248.717772999999,4123.589844,0.0,1.0,15.0,,,,0.0,4.0,4.0,0.0,4.0,4.0,66.666664,,,,,,,,,,,,,,,,,,,,,,,,,,,,,,,,,,,,,,,,,,,,,,,,,,,,,,,,,,,,,,,,,,,,,,,,,,,,,,,,,,,,
44002,1645901696.642243,1645901696.686951,22.0,0.0,4107.692383,4097.436035,4213.333496,4166.153809,4145.128418,0.0,1.0,15.0,,,,0.0,4.0,4.0,0.0,4.0,4.0,66.666664,1.0,8.333333,1.0,0.0,0.0,3.0,3.0,11.0,0.0,0.721759,0.112549,0.658936,0.17944300000000002,0.9282370000000001,-0.401862,-0.112795,-0.031382,-0.033589,-0.012032,1.0,0.0,0.0,,,,,,,,,,,,,,,,,,,,,,,,,,,,,,,,0.0,0.0,1.0,0.0,512.0,1.0,277.7677,19.088478,9.637782000000001,2.622733,0.8524729999999999,544.865967,415.791016,115.33651,39.126671,37.6786,30.43862,26.955349,6.2302919999999995,7.851472,5.595694,12.409460000000001,17.371305,10.981591,6.359066,2.8961740000000002,134.972473,13.895009,3.022964,2.269606,1.158221
44003,1645901696.650057,1645901696.694765,23.0,0.0,4102.563965,4082.0512700000004,4306.153809,4162.05127,4191.794922,0.0,1.0,15.0,,,,0.0,4.0,4.0,0.0,4.0,4.0,66.666664,,,,,,,,,,,,,,,,,,,,,,,,,,,,,,,,,,,,,,,,,,,,,,,,,,,,,,,,,,,,,,,,,,,,,,,,,,,,,,,,,,,,
44004,1645901696.657871,1645901696.70258,24.0,0.0,4048.205078,4026.6667479999996,4287.692383,4221.025879,4166.153809,0.0,1.0,15.0,,,,0.0,4.0,4.0,0.0,4.0,4.0,66.666664,,,,,,,,12.0,0.0,0.721759,0.112549,0.658936,0.17944300000000002,0.926284,-0.401373,-0.10547000000000001,-0.031418,-0.033648000000000004,-0.010095999999999999,,,,,,,,,,,,,,,,,,,,,,,,,,,,,,,,,,,,,,,,,,,,,,,,,,,,,,,,,,,,,,,,,
44005,1645901696.665685,1645901696.7103949,25.0,0.0,4076.923096,4079.487061,4214.871582,4210.769043,4136.922852000001,0.0,1.0,15.0,,,,0.0,4.0,4.0,0.0,4.0,4.0,66.666664,,,,,,,,,,,,,,,,,,,,,,,,,,,,,,,,,,,,,,,,,,,,,,,,,,,,,,,,,,,,,,,,,,,,,,,,,,,,,,,,,,,,
44006,1645901696.6734982,1645901696.718209,26.0,0.0,4097.94873,4100.0,4251.794922,4188.205078,4151.282227000001,0.0,1.0,15.0,,,,0.0,4.0,4.0,0.0,4.0,4.0,66.666664,,,,,,,,13.0,0.0,0.721597,0.112549,0.65918,0.179199,0.922377,-0.39453699999999997,-0.11621300000000001,-0.031499,-0.033701,-0.011528,,,,,,,,,,,,,,,,,,,,,,,,,,,,,,,,,,,0.0,0.0,1.0,0.0,512.0,1.0,,,,,,,,,,,,,,,,,,,,,,,,,
44007,1645901696.6813118,1645901696.726024,27.0,0.0,4062.5642090000006,4053.3332520000004,4337.94873,4203.589844,4127.692383,0.0,1.0,15.0,,,,0.0,4.0,4.0,0.0,4.0,4.0,66.666664,,,,,,,,,,,,,,,,,,,,,,,,,,,,,,,,,,,,,,,,,,,,,,,,,,,,,,,,,,,,,,,,,,,,,,,,,,,,,,,,,,,,
44008,1645901696.689126,1645901696.733839,28.0,0.0,4088.205078,4079.487061,4227.692383,4195.897461,4117.94873,0.0,1.0,15.0,,,,0.0,4.0,4.0,0.0,4.0,4.0,66.666664,,,,,,,,14.0,0.0,0.721597,0.112549,0.65918,0.179199,0.9194479999999999,-0.412116,-0.104494,-0.031570999999999995,-0.0337,-0.012816,,,,,,,,,,,,,,,,,,,,,,,,,,,,,,,,,,,,,,,,,,,,,,,,,,,,,,,,,,,,,,,,,
44009,1645901696.69694,1645901696.741653,29.0,0.0,4109.743652,4122.563965,4189.743652,4157.436035,4172.820313,0.0,1.0,15.0,,,,0.0,4.0,4.0,0.0,4.0,4.0,66.666664,,,,,,,,,,,,,,,,,,,,,,,,,,,,,,,,,,,,,,,,,,,,,,,,,,,,,,,,,,,,,,,,,,,,,,,,,,,,,,,,,,,,
44010,1645901696.704753,1645901696.749568,30.0,0.0,4077.9487299999996,4069.2307130000004,4307.179688,4154.871582,4190.769043,0.0,1.0,15.0,,,,0.0,4.0,4.0,0.0,4.0,4.0,66.666664,,,,,,,,15.0,0.0,0.7215590000000001,0.112793,0.65918,0.179199,0.917494,-0.40283800000000003,-0.1084,-0.031735,-0.033748,-0.01383,,,,,,,,,,,,,,,,,,,,,,,,,,,,,,,,,,,0.0,0.0,1.0,0.0,512.0,1.0,,,,,,,,,,,,,,,,,,,,,,,,,
44011,1645901696.712567,1645901696.757382,31.0,0.0,4086.6667479999996,3966.6667479999996,4295.384765999999,4187.692383,4125.128418,0.0,1.0,15.0,,,,0.0,4.0,4.0,0.0,4.0,4.0,66.666664,,,,,,,,,,,,,,,,,,,,,,,,,,,,,,,,,,,,,,,,,,,,,,,,,,,,,,,,,,,,,,,,,,,,,,,,,,,,,,,,,,,,
44012,1645901696.720381,1645901696.765197,32.0,0.0,4121.538574,3990.7692869999996,4144.102539,4216.922852000001,4122.563965,0.0,1.0,15.0,,,,0.0,4.0,4.0,0.0,4.0,4.0,66.666664,,,,,,,,16.0,0.0,0.7215590000000001,0.112793,0.65918,0.179199,0.91017,-0.400397,-0.098146,-0.031686,-0.033743,-0.011714,,,,,,,,,,,,,,,,,,,,,,,,,,,,,,,,,,,,,,,,,,,,,,,,,,,,,,,,,,,,,,,,,
44013,1645901696.728194,1645901696.773012,33.0,0.0,4071.281982,4103.077147999999,4184.102539,4194.871582,4174.358886999999,0.0,1.0,15.0,,,,0.0,4.0,4.0,0.0,4.0,4.0,66.666664,,,,,,,,,,,,,,,,,,,,,,,,,,,,,,,,,,,,,,,,,,,,,,,,,,,,,,,,,,,,,,,,,,,,,,,,,,,,,,,,,,,,
44014,1645901696.736008,1645901696.780826,34.0,0.0,4024.615479,4086.1538090000004,4267.692383,4187.692383,4161.025879,0.0,1.0,15.0,,,,0.0,4.0,4.0,0.0,4.0,4.0,66.666664,,,,,,,,17.0,0.0,0.721597,0.112549,0.65918,0.179199,0.9194479999999999,-0.412116,-0.104494,-0.03174,-0.033738,-0.012984,,,,,,,,,,,,,,,,,,,,,,,,,,,,,,,,,,,0.0,0.0,1.0,0.0,512.0,1.0,,,,,,,,,,,,,,,,,,,,,,,,,
44015,1645901696.743822,1645901696.788641,35.0,0.0,4064.615479,4117.94873,4177.436035,4198.461426,4093.8461909999996,0.0,1.0,15.0,,,,0.0,4.0,4.0,0.0,4.0,4.0,66.666664,,,,,,,,,,,,,,,,,,,,,,,,,,,,,,,,,,,,,,,,,,,,,,,,,,,,,,,,,,,,,,,,,,,,,,,,,,,,,,,,,,,,
44016,1645901696.751636,1645901696.796456,36.0,0.0,4125.128418,4352.820313,4121.538574,4180.512695,4116.922852000001,0.0,1.0,15.0,,,,0.0,4.0,4.0,0.0,4.0,4.0,66.666664,,,,,,,,18.0,0.0,0.7215590000000001,0.112793,0.65918,0.179199,0.91017,-0.400397,-0.098146,-0.031691000000000004,-0.033733,-0.010953000000000001,,,,,,,,,,,,,,,,,,,,,,,,,,,,,,,,,,,,,,,,,,,,,,,,,,,,,,,,,,,,,,,,,
44017,1645901696.759449,1645901696.80427,37.0,0.0,4086.1538090000004,4455.897461,4229.743652,4160.512695,4171.282227000001,0.0,1.0,15.0,,,,0.0,4.0,4.0,0.0,4.0,4.0,66.666664,,,,,,,,,,,,,,,,,,,,,,,,,,,,,,,,,,,,,,,,,,,,,,,,,,,,,,,,,,,,,,,,,,,,,,,,,,,,,,,,,,,,
44018,1645901696.7672632,1645901696.812085,38.0,0.0,4035.384521,4369.743652,4310.769043,4188.717772999999,4147.692383,0.0,1.0,15.0,,,,0.0,4.0,4.0,0.0,4.0,4.0,66.666664,,,,,,,,19.0,0.0,0.7217819999999999,0.112793,0.658936,0.179199,0.910658,-0.394049,-0.103029,-0.031744999999999995,-0.033729,-0.009126,1.0,0.0,0.0,,,,,,,,,,,,,,,,,,,,,,,,,,,,,,,,0.0,0.0,1.0,0.0,512.0,1.0,595.538086,27.498339,16.041439,3.565761,0.916132,874.618225,638.585388,169.687836,62.422291,46.093407,28.676952000000004,28.159966999999998,5.792676999999999,6.768883,5.640009,13.582397,18.677549,12.34428,6.664038000000001,2.8695459999999997,274.894623,19.473473000000002,4.000528,2.662039,1.085165
44019,1645901696.7750769,1645901696.8199,39.0,0.0,4071.281982,4364.102539,4216.410156,4190.256348,4101.538574,0.0,1.0,15.0,,,,0.0,4.0,4.0,0.0,4.0,4.0,66.666664,,,,,,,,,,,,,,,,,,,,,,,,,,,,,,,,,,,,,,,,,,,,,,,,,,,,,,,,,,,,,,,,,,,,,,,,,,,,,,,,,,,,
44020,1645901696.78289,1645901696.827814,40.0,0.0,4098.461426,4437.436035,4212.307617,4158.974121,4125.128418,0.0,1.0,15.0,,,,0.0,4.0,4.0,0.0,4.0,4.0,66.666664,,,,,,,,20.0,0.0,0.7217210000000001,0.112793,0.658936,0.17944300000000002,0.9155409999999999,-0.392584,-0.10547000000000001,-0.031793,-0.033725,-0.010508,,,,,,,,,,,,,,,,,,,,,,,,,,,,,,,,,,,,,,,,,,,,,,,,,,,,,,,,,,,,,,,,,
44021,1645901696.790704,1645901696.835629,41.0,0.0,4072.3076170000004,4453.333496,4302.563965,4153.333496,4148.205078,0.0,1.0,15.0,,,,0.0,4.0,4.0,0.0,4.0,4.0,66.666664,,,,,,,,,,,,,,,,,,,,,,,,,,,,,,,,,,,,,,,,,,,,,,,,,,,,,,,,,,,,,,,,,,,,,,,,,,,,,,,,,,,,
44022,1645901696.798518,1645901696.843443,42.0,0.0,4080.512939,4456.410156,4277.94873,4156.410156,4124.615234000001,0.0,1.0,15.0,,,,0.0,4.0,4.0,0.0,4.0,4.0,66.666664,,,,,,,,21.0,0.0,0.7217210000000001,0.112793,0.658936,0.17944300000000002,0.9199360000000001,-0.407233,-0.101564,-0.031738999999999996,-0.033722,-0.011801,,,,,,,,,,,,,,,,,,,,,,,,,,,,,,,,,,,0.0,0.0,1.0,0.0,512.0,1.0,,,,,,,,,,,,,,,,,,,,,,,,,
44023,1645901696.806332,1645901696.851258,43.0,0.0,4103.077147999999,4470.256348,4175.897461,4147.179688,4140.0,0.0,1.0,15.0,,,,0.0,4.0,4.0,0.0,4.0,4.0,66.666664,,,,,,,,,,,,,,,,,,,,,,,,,,,,,,,,,,,,,,,,,,,,,,,,,,,,,,,,,,,,,,,,,,,,,,,,,,,,,,,,,,,,
44024,1645901696.8141448,1645901696.8590732,44.0,0.0,4064.615479,4458.461426,4262.563965,4162.563965,4161.025879,0.0,1.0,15.0,,,,0.0,4.0,4.0,0.0,4.0,4.0,66.666664,,,,,,,,22.0,0.0,0.7217210000000001,0.112793,0.658936,0.17944300000000002,0.9194479999999999,-0.40235,-0.099123,-0.031788,-0.03367,-0.01316,,,,,,,,,,,,,,,,,,,,,,,,,,,,,,,,,,,,,,,,,,,,,,,,,,,,,,,,,,,,,,,,,
44025,1645901696.821959,1645901696.8668869,45.0,0.0,4080.0,4468.205078,4272.820313,4156.922852000001,4132.820313,0.0,1.0,15.0,,,,0.0,4.0,4.0,0.0,4.0,4.0,66.666664,,,,,,,,,,,,,,,,,,,,,,,,,,,,,,,,,,,,,,,,,,,,,,,,,,,,,,,,,,,,,,,,,,,,,,,,,,,,,,,,,,,,
44026,1645901696.829773,1645901696.874702,46.0,0.0,4128.205078,4546.666504,4163.077147999999,4116.922852000001,4131.794922,0.0,1.0,15.0,,,,0.0,4.0,4.0,0.0,4.0,4.0,66.666664,,,,,,,,23.0,0.0,0.721661,0.112793,0.658936,0.17968800000000001,0.9272600000000001,-0.40528000000000003,-0.111818,-0.031685000000000005,-0.033819,-0.011209,,,,,,,,,,,,,,,,,,,,,,,,,,,,,,,,,,,0.0,0.0,1.0,0.0,512.0,1.0,,,,,,,,,,,,,,,,,,,,,,,,,
44027,1645901696.8375869,1645901696.882517,47.0,0.0,4097.94873,4623.077147999999,4212.307617,4154.871582,4170.769043,0.0,1.0,15.0,,,,0.0,4.0,4.0,0.0,4.0,4.0,66.666664,,,,,,,,,,,,,,,,,,,,,,,,,,,,,,,,,,,,,,,,,,,,,,,,,,,,,,,,,,,,,,,,,,,,,,,,,,,,,,,,,,,,
44028,1645901696.8454,1645901696.890331,48.0,0.0,4065.1281740000004,4561.538574,4316.410156,4211.794922,4129.230957,0.0,1.0,15.0,,,,0.0,4.0,4.0,0.0,4.0,4.0,66.666664,,,,,,,,24.0,0.0,0.7217210000000001,0.112793,0.658936,0.17944300000000002,0.9233540000000001,-0.408698,-0.098634,-0.031788,-0.033855,-0.012481,,,,,,,,,,,,,,,,,,,,,,,,,,,,,,,,,,,,,,,,,,,,,,,,,,,,,,,,,,,,,,,,,
44029,1645901696.853214,1645901696.898246,49.0,0.0,4106.666504,4520.512695,4206.153809,4178.461426,4122.05127,0.0,1.0,15.0,,,,0.0,4.0,4.0,0.0,4.0,4.0,66.666664,,,,,,,,,,,,,,,,,,,,,,,,,,,,,,,,,,,,,,,,,,,,,,,,,,,,,,,,,,,,,,,,,,,,,,,,,,,,,,,,,,,,
44030,1645901696.861028,1645901696.906061,50.0,0.0,4081.538574,4617.436035,4162.05127,4129.230957,4196.410156,0.0,1.0,15.0,,,,0.0,4.0,4.0,0.0,4.0,4.0,66.666664,,,,,,,,25.0,0.0,0.721683,0.11303699999999998,0.658936,0.17944300000000002,0.9077290000000001,-0.390631,-0.10547000000000001,-0.031783,-0.033839,-0.013722999999999999,,,,,,,,,,,,,,,,,,,,,,,,,,,,,,,,,,,0.0,0.0,1.0,0.0,512.0,1.0,,,,,,,,,,,,,,,,,,,,,,,,,
44031,1645901696.868842,1645901696.913875,51.0,0.0,4043.076904,4616.410156,4264.102539,4168.205078,4180.0,0.0,1.0,15.0,,,,0.0,4.0,4.0,0.0,4.0,4.0,66.666664,,,,,,,,,,,,,,,,,,,,,,,,,,,,,,,,,,,,,,,,,,,,,,,,,,,,,,,,,,,,,,,,,,,,,,,,,,,,,,,,,,,,
44032,1645901696.876655,1645901696.92169,52.0,0.0,4104.102539,4536.410156,4244.102539,4177.436035,4092.820557,0.0,1.0,15.0,,,,0.0,4.0,4.0,0.0,4.0,4.0,66.666664,,,,,,,,26.0,0.0,0.721622,0.11303699999999998,0.658936,0.17968800000000001,0.908217,-0.404791,-0.092287,-0.031779,-0.033775,-0.01489,,,,,,,,,,,,,,,,,,,,,,,,,,,,,,,,,,,,,,,,,,,,,,,,,,,,,,,,,,,,,,,,,
44033,1645901696.884469,1645901696.9296038,53.0,0.0,4145.641113000001,4581.025879,4187.692383,4133.333496,4134.358886999999,0.0,1.0,15.0,,,,0.0,4.0,4.0,0.0,4.0,4.0,66.666664,,,,,,,,,,,,,,,,,,,,,,,,,,,,,,,,,,,,,,,,,,,,,,,,,,,,,,,,,,,,,,,,,,,,,,,,,,,,,,,,,,,,
44034,1645901696.892283,1645901696.937419,54.0,0.0,4075.384521,4537.436035,4227.179688,4156.922852000001,4178.461426,0.0,1.0,15.0,,,,0.0,4.0,4.0,0.0,4.0,4.0,66.666664,,,,,,,,27.0,0.0,0.721807,0.11328099999999999,0.658691,0.17968800000000001,0.9209129999999999,-0.40283800000000003,-0.102052,-0.031677,-0.033718,-0.012669,1.0,0.0,0.0,,,,,,,,,,,,,,,,,,,,,,,,,,,,,,,,0.0,0.0,1.0,0.0,512.0,1.0,1036.912842,35.635189000000004,23.16115,4.845336,1.167665,1230.060913,850.388367,229.52185099999997,92.95217099999999,57.221798,26.859122999999997,29.500233,5.482754,5.922147,5.62784,14.540032,18.29175,12.950304,6.7874419999999995,2.8899630000000003,463.578278,25.107107,5.026523,3.231977,1.2233209999999999
44035,1645901696.9000971,1645901696.945234,55.0,0.0,4054.358887,4437.94873,4271.282227000001,4221.025879,4134.358886999999,0.0,1.0,15.0,,,,0.0,4.0,4.0,0.0,4.0,4.0,66.666664,,,,,,,,,,,,,,,,,,,,,,,,,,,,,,,,,,,,,,,,,,,,,,,,,,,,,,,,,,,,,,,,,,,,,,,,,,,,,,,,,,,,
44036,1645901696.9079099,1645901696.953048,56.0,0.0,4087.179443,4568.205078,4260.512695,4180.0,4133.846191,0.0,1.0,15.0,,,,0.0,4.0,4.0,0.0,4.0,4.0,66.666664,,,,,,,,28.0,0.0,0.721807,0.11328099999999999,0.658691,0.17968800000000001,0.921401,-0.401862,-0.107912,-0.031682999999999996,-0.033618,-0.013793999999999999,,,,,,,,,,,,,,,,,,,,,,,,,,,,,,,,,,,,,,,,,,,,,,,,,,,,,,,,,,,,,,,,,
44037,1645901696.915724,1645901696.960863,57.0,0.0,4077.4357909999994,4690.769043,4266.666504,4117.436035,4160.512695,0.0,1.0,15.0,,,,0.0,4.0,4.0,0.0,4.0,4.0,66.666664,,,,,,,,,,,,,,,,,,,,,,,,,,,,,,,,,,,,,,,,,,,,,,,,,,,,,,,,,,,,,,,,,,,,,,,,,,,,,,,,,,,,
44038,1645901696.923538,1645901696.968678,58.0,0.0,4082.0512700000004,4576.410156,4222.563965,4128.205078,4138.461426,0.0,1.0,15.0,,,,0.0,4.0,4.0,0.0,4.0,4.0,66.666664,,,,,,,,29.0,0.0,0.721784,0.11303699999999998,0.658691,0.17993199999999998,0.921889,-0.400885,-0.093751,-0.031786,-0.033674,-0.014806999999999999,,,,,,,,,,,,,,,,,,,,,,,,,,,,,,,,,,,0.0,0.0,1.0,0.0,512.0,1.0,,,,,,,,,,,,,,,,,,,,,,,,,
44039,1645901696.931352,1645901696.976492,59.0,0.0,4088.718018,4510.769043,4261.538574,4137.94873,4128.205078,0.0,1.0,15.0,,,,0.0,4.0,4.0,0.0,4.0,4.0,66.666664,,,,,,,,,,,,,,,,,,,,,,,,,,,,,,,,,,,,,,,,,,,,,,,,,,,,,,,,,,,,,,,,,,,,,,,,,,,,,,,,,,,,
44040,1645901696.939165,1645901696.984407,60.0,0.0,4080.512939,4628.205078,4288.717772999999,4130.769043,4131.282227000001,0.0,1.0,15.0,,,,0.0,4.0,2.0,0.0,4.0,4.0,50.0,,,,,,,,30.0,0.0,0.721784,0.11303699999999998,0.658691,0.17993199999999998,0.9184709999999999,-0.396002,-0.105959,-0.031733,-0.033822000000000005,-0.015768,,,,,,,,,,,,,,,,,,,,,,,,,,,,,,,,,,,,,,,,,,,,,,,,,,,,,,,,,,,,,,,,,
44041,1645901696.9469788,1645901696.992221,61.0,0.0,4109.743652,4775.384765999999,4237.94873,4130.769043,4104.615234000001,0.0,1.0,15.0,,,,0.0,4.0,2.0,0.0,4.0,4.0,50.0,,,,,,,,,,,,,,,,,,,,,,,,,,,,,,,,,,,,,,,,,,,,,,,,,,,,,,,,,,,,,,,,,,,,,,,,,,,,,,,,,,,,
44042,1645901696.954793,1645901697.000036,62.0,0.0,4130.256348,4829.743652,4225.128418,4149.743652,4129.230957,0.0,1.0,15.0,,,,0.0,4.0,2.0,0.0,4.0,4.0,50.0,,,,,,,,31.0,0.0,0.721784,0.11303699999999998,0.658691,0.17993199999999998,0.9243309999999999,-0.408698,-0.10547000000000001,-0.031782,-0.033809,-0.01341,,,,,,,,,,,,,,,,,,,,,,,,,,,,,,,,,,,0.0,0.0,1.0,0.0,512.0,1.0,,,,,,,,,,,,,,,,,,,,,,,,,
44043,1645901696.962606,1645901697.007851,63.0,0.0,4067.6923829999996,4769.230957,4289.743652,4185.641113000001,4158.461426,0.0,1.0,15.0,,,,0.0,4.0,2.0,0.0,4.0,4.0,50.0,,,,,,,,,,,,,,,,,,,,,,,,,,,,,,,,,,,,,,,,,,,,,,,,,,,,,,,,,,,,,,,,,,,,,,,,,,,,,,,,,,,,
44044,1645901696.97042,1645901697.015665,64.0,0.0,4073.3332520000004,4731.282227000001,4198.461426,4189.230957,4151.794922,450.0,1.0,15.0,,,,0.0,4.0,2.0,0.0,4.0,4.0,50.0,,,,,,,,32.0,0.0,0.721784,0.11303699999999998,0.658691,0.17993199999999998,0.923842,-0.401373,-0.10888800000000001,-0.031924,-0.0337,-0.014559,,,,,,,,,,,,,,,,,,,,,,,,,,,,,,,,,,,,,,,,,,,,,,,,,,,,,,,,,,,,,,,,,
44045,1645901696.978234,1645901697.0234802,65.0,0.0,4136.410156,4791.794922,4145.641113000001,4119.487305,4157.94873,450.0,1.0,15.0,,,,0.0,4.0,2.0,0.0,4.0,4.0,50.0,,,,,,,,,,,,,,,,,,,,,,,,,,,,,,,,,,,,,,,,,,,,,,,,,,,,,,,,,,,,,,,,,,,,,,,,,,,,,,,,,,,,
44046,1645901696.986048,1645901697.0312948,66.0,0.0,4124.102539,4798.974121,4245.641113000001,4109.230957,4177.436035,16220.0,1.0,15.0,,,,0.0,4.0,2.0,0.0,4.0,4.0,50.0,,,,,,,,33.0,0.0,0.721685,0.11328099999999999,0.658691,0.180176,0.916518,-0.409674,-0.10888800000000001,-0.032004000000000005,-0.033601,-0.012517,,,,,,,,,,,,,,,,,,,,,,,,,,,,,,,,,,,0.0,0.0,1.0,0.0,512.0,1.0,,,,,,,,,,,,,,,,,,,,,,,,,
44047,1645901696.993861,1645901697.039109,67.0,0.0,4110.256348,4750.256348,4229.230957,4151.794922,4142.563965,450.0,1.0,15.0,,,,0.0,4.0,2.0,0.0,4.0,4.0,50.0,,,,,,,,,,,,,,,,,,,,,,,,,,,,,,,,,,,,,,,,,,,,,,,,,,,,,,,,,,,,,,,,,,,,,,,,,,,,,,,,,,,,
44048,1645901697.001675,1645901697.046924,68.0,0.0,4154.871582,4757.94873,4169.230957,4148.717772999999,4141.025879,207.0,1.0,15.0,,,,0.0,4.0,2.0,0.0,4.0,4.0,50.0,,,,,,,,34.0,0.0,0.721685,0.11328099999999999,0.658691,0.180176,0.8999159999999999,-0.398932,-0.109377,-0.032026,-0.03361,-0.010533,,,,,,,,,,,,,,,,,,,,,,,,,,,,,,,,,,,,,,,,,,,,,,,,,,,,,,,,,,,,,,,,,
44049,1645901697.009489,1645901697.0548382,69.0,0.0,4126.666504,4762.563965,4228.205078,4147.692383,4173.846191,450.0,1.0,15.0,,,,0.0,4.0,2.0,0.0,4.0,4.0,50.0,,,,,,,,,,,,,,,,,,,,,,,,,,,,,,,,,,,,,,,,,,,,,,,,,,,,,,,,,,,,,,,,,,,,,,,,,,,,,,,,,,,,
44050,1645901697.017303,1645901697.0626528,70.0,0.0,4102.05127,4758.974121,4255.384765999999,4180.0,4176.410156,0.0,1.0,15.0,,,,0.0,4.0,2.0,0.0,4.0,4.0,50.0,,,,,,,,35.0,0.0,0.721685,0.11328099999999999,0.658691,0.180176,0.9126120000000001,-0.404303,-0.092287,-0.032144,-0.033716,-0.011873,1.0,0.0,0.0,,,,,,,,,,,,,,,,,,,,,,,,,,,,,,,,0.0,0.0,1.0,0.0,512.0,1.0,1511.028809,41.719153999999996,29.202606,6.1698,1.731443,1528.3673099999999,993.5455929999999,279.144653,123.575829,68.574585,25.797119,30.613556,5.579219999999999,5.487088,5.941622,15.074643,16.416666,12.604852000000001,6.7667910000000004,2.996994,660.031738,29.343163,5.746268,3.781274,1.6581569999999999
44051,1645901697.025116,1645901697.070468,71.0,0.0,4146.666504,4758.974121,4192.307617,4164.615234000001,4189.230957,450.0,1.0,15.0,,,,0.0,4.0,2.0,0.0,4.0,4.0,50.0,,,,,,,,,,,,,,,,,,,,,,,,,,,,,,,,,,,,,,,,,,,,,,,,,,,,,,,,,,,,,,,,,,,,,,,,,,,,,,,,,,,,
44052,1645901697.0329301,1645901697.078282,72.0,0.0,4152.820313,4730.769043,4208.205078,4148.205078,4194.358886999999,450.0,1.0,15.0,,,,0.0,4.0,2.0,0.0,4.0,4.0,50.0,,,,,,,,36.0,0.0,0.721809,0.113525,0.658447,0.18042,0.921889,-0.397467,-0.10693499999999999,-0.032201,-0.033714,-0.010051000000000001,,,,,,,,,,,,,,,,,,,,,,,,,,,,,,,,,,,,,,,,,,,,,,,,,,,,,,,,,,,,,,,,,
44053,1645901697.0407438,1645901697.086097,73.0,0.0,4131.282227000001,4700.512695,4212.307617,4154.871582,4167.179688,16119.0,1.0,15.0,,,,0.0,4.0,2.0,0.0,4.0,4.0,50.0,,,,,,,,,,,,,,,,,,,,,,,,,,,,,,,,,,,,,,,,,,,,,,,,,,,,,,,,,,,,,,,,,,,,,,,,,,,,,,,,,,,,
44054,1645901697.048557,1645901697.093912,74.0,0.0,4141.025879,4726.666504,4222.05127,4140.0,4172.307617,450.0,1.0,15.0,,,,0.0,4.0,2.0,0.0,4.0,4.0,50.0,,,,,,,,37.0,0.0,0.721809,0.113525,0.658447,0.18042,0.9194479999999999,-0.401373,-0.10009900000000001,-0.03235,-0.033663,-0.011389,,,,,,,,,,,,,,,,,,,,,,,,,,,,,,,,,,,0.0,0.0,1.0,0.0,512.0,1.0,,,,,,,,,,,,,,,,,,,,,,,,,
44055,1645901697.0563712,1645901697.101726,75.0,0.0,4160.0,4777.94873,4227.692383,4120.512695,4191.794922,16202.0,1.0,15.0,,,,0.0,4.0,2.0,0.0,4.0,4.0,50.0,,,,,,,,,,,,,,,,,,,,,,,,,,,,,,,,,,,,,,,,,,,,,,,,,,,,,,,,,,,,,,,,,,,,,,,,,,,,,,,,,,,,
44056,1645901697.064185,1645901697.109541,76.0,0.0,4155.384765999999,4790.256348,4254.871582,4125.641113000001,4162.563965,450.0,1.0,15.0,,,,0.0,4.0,2.0,0.0,4.0,4.0,50.0,,,,,,,,38.0,0.0,0.721685,0.11328099999999999,0.658691,0.180176,0.9126120000000001,-0.404303,-0.092287,-0.032435000000000005,-0.033763,-0.012643000000000001,,,,,,,,,,,,,,,,,,,,,,,,,,,,,,,,,,,,,,,,,,,,,,,,,,,,,,,,,,,,,,,,,
44057,1645901697.071999,1645901697.117356,77.0,0.0,4153.333496,4783.077147999999,4254.871582,4142.563965,4146.153809,450.0,1.0,15.0,,,,0.0,4.0,2.0,0.0,4.0,4.0,50.0,,,,,,,,,,,,,,,,,,,,,,,,,,,,,,,,,,,,,,,,,,,,,,,,,,,,,,,,,,,,,,,,,,,,,,,,,,,,,,,,,,,,
44058,1645901697.0798118,1645901697.12527,78.0,0.0,4170.256348,4767.179688,4240.0,4132.820313,4185.641113000001,450.0,1.0,15.0,,,,0.0,4.0,2.0,0.0,4.0,4.0,50.0,,,,,,,,39.0,0.0,0.72187,0.113525,0.658447,0.180176,0.9077290000000001,-0.404303,-0.10888800000000001,-0.032366000000000006,-0.033658999999999994,-0.010695,,,,,,,,,,,,,,,,,,,,,,,,,,,,,,,,,,,0.0,0.0,1.0,0.0,512.0,1.0,,,,,,,,,,,,,,,,,,,,,,,,,
44059,1645901697.087626,1645901697.133085,79.0,0.0,4186.153809,4705.641113000001,4212.307617,4143.077147999999,4221.538574,16202.0,1.0,15.0,,,,0.0,4.0,2.0,0.0,4.0,4.0,50.0,,,,,,,,,,,,,,,,,,,,,,,,,,,,,,,,,,,,,,,,,,,,,,,,,,,,,,,,,,,,,,,,,,,,,,,,,,,,,,,,,,,,
44060,1645901697.0954401,1645901697.140899,80.0,0.0,4153.333496,4630.256348,4237.436035,4187.179688,4175.897461,450.0,1.0,15.0,,,,0.0,4.0,2.0,0.0,4.0,4.0,50.0,,,,,,,,40.0,0.0,0.721892,0.11377000000000001,0.658447,0.17993199999999998,0.922866,-0.40235,-0.103029,-0.032205000000000004,-0.033711,-0.011872,,,,,,,,,,,,,,,,,,,,,,,,,,,,,,,,,,,,,,,,,,,,,,,,,,,,,,,,,,,,,,,,,
44061,1645901697.1032538,1645901697.148714,81.0,0.0,4149.230957,4638.974121,4233.333496,4191.794922,4158.974121,450.0,1.0,15.0,,,,0.0,4.0,2.0,0.0,4.0,4.0,50.0,,,,,,,,,,,,,,,,,,,,,,,,,,,,,,,,,,,,,,,,,,,,,,,,,,,,,,,,,,,,,,,,,,,,,,,,,,,,,,,,,,,,
44062,1645901697.111067,1645901697.156529,82.0,0.0,4167.179688,4724.102539,4231.282227000001,4154.871582,4205.641113000001,450.0,1.0,15.0,,,,0.0,4.0,2.0,0.0,4.0,4.0,50.0,,,,,,,,41.0,0.0,0.721892,0.11377000000000001,0.658447,0.17993199999999998,0.9194479999999999,-0.415045,-0.113283,-0.032305,-0.03366,-0.009951999999999999,,,,,,,,,,,,,,,,,,,,,,,,,,,,,,,,,,,0.0,0.0,1.0,0.0,512.0,1.0,,,,,,,,,,,,,,,,,,,,,,,,,
44063,1645901697.118881,1645901697.1643429,83.0,0.0,4180.0,4783.077147999999,4233.846191,4163.589844,4236.922852000001,16202.0,1.0,15.0,,,,0.0,4.0,2.0,0.0,4.0,4.0,50.0,,,,,,,,,,,,,,,,,,,,,,,,,,,,,,,,,,,,,,,,,,,,,,,,,,,,,,,,,,,,,,,,,,,,,,,,,,,,,,,,,,,,
44064,1645901697.126695,1645901697.172158,84.0,0.0,4187.692383,4779.487305,4196.922852000001,4145.641113000001,4217.94873,450.0,1.0,15.0,,,,0.0,4.0,2.0,0.0,4.0,4.0,50.0,,,,,,,,42.0,0.0,0.721953,0.11377000000000001,0.658447,0.17968800000000001,0.9209129999999999,-0.403326,-0.1084,-0.032297,-0.033663,-0.011545,,,,,,,,,,,,,,,,,,,,,,,,,,,,,,,,,,,,,,,,,,,,,,,,,,,,,,,,,,,,,,,,,
44065,1645901697.134508,1645901697.1799731,85.0,0.0,4199.487305,4767.179688,4219.487305,4112.820313,4206.666504,450.0,1.0,15.0,,,,0.0,4.0,2.0,0.0,4.0,4.0,50.0,,,,,,,,,,,,,,,,,,,,,,,,,,,,,,,,,,,,,,,,,,,,,,,,,,,,,,,,,,,,,,,,,,,,,,,,,,,,,,,,,,,,
44066,1645901697.142322,1645901697.1877868,86.0,0.0,4201.025879,4748.717772999999,4268.205078,4137.436035,4195.384765999999,450.0,1.0,15.0,,,,0.0,4.0,2.0,0.0,4.0,4.0,50.0,1.0,8.333333,1.0,0.0,0.0,3.0,3.0,43.0,0.0,0.721953,0.11377000000000001,0.658447,0.17968800000000001,0.916518,-0.39942,-0.116701,-0.03229,-0.033617,-0.009706999999999999,1.0,0.0,0.0,,,,,,,,,,,,,,,,,,,,,,,,,,,,,,,,0.0,0.0,1.0,0.0,512.0,1.0,1887.0838620000002,44.162239,32.390415000000004,7.197303999999999,2.706955,1687.574829,1025.51062,303.87304700000004,145.531418,76.74188199999999,25.829710000000002,31.400921000000004,6.172,5.430789,7.204903999999999,15.025260999999999,13.696136,11.273624,6.643733999999999,3.236361,810.1542969999999,30.813007,5.894317,4.10157,2.450677
44067,1645901697.150136,1645901697.195602,87.0,0.0,4212.820313,4716.410156,4246.153809,4148.205078,4200.512695,16202.0,1.0,15.0,,,,0.0,4.0,2.0,0.0,4.0,4.0,50.0,,,,,,,,,,,,,,,,,,,,,,,,,,,,,,,,,,,,,,,,,,,,,,,,,,,,,,,,,,,,,,,,,,,,,,,,,,,,,,,,,,,,
44068,1645901697.15795,1645901697.203517,88.0,0.0,4213.333496,4707.692383,4196.410156,4124.102539,4226.666504,450.0,1.0,15.0,,,,0.0,4.0,2.0,0.0,4.0,4.0,50.0,,,,,,,,44.0,0.0,0.722176,0.11377000000000001,0.658203,0.17968800000000001,0.91017,-0.403326,-0.10254100000000001,-0.032284,-0.033674,-0.011177,,,,,,,,,,,,,,,,,,,,,,,,,,,,,,,,,,,,,,,,,,,,,,,,,,,,,,,,,,,,,,,,,
44069,1645901697.165764,1645901697.2113311,89.0,0.0,4198.974121,4762.05127,4266.666504,4164.102539,4210.256348,450.0,1.0,15.0,,,,0.0,4.0,2.0,0.0,4.0,4.0,50.0,,,,,,,,,,,,,,,,,,,,,,,,,,,,,,,,,,,,,,,,,,,,,,,,,,,,,,,,,,,,,,,,,,,,,,,,,,,,,,,,,,,,
44070,1645901697.173577,1645901697.219146,90.0,0.0,4220.512695,4778.461426,4275.384765999999,4194.358886999999,4201.025879,450.0,1.0,15.0,,,,0.0,4.0,2.0,0.0,4.0,4.0,50.0,,,,,,,,45.0,0.0,0.722176,0.11377000000000001,0.658203,0.17968800000000001,0.9160299999999999,-0.401373,-0.12060699999999999,-0.032132,-0.033675,-0.009327,,,,,,,,,,,,,,,,,,,,,,,,,,,,,,,,,,,0.0,0.0,1.0,0.0,512.0,1.0,,,,,,,,,,,,,,,,,,,,,,,,,
44071,1645901697.181391,1645901697.22696,91.0,0.0,4223.589844,4716.922852000001,4249.230957,4171.794922,4231.282227000001,16202.0,1.0,15.0,,,,0.0,4.0,2.0,0.0,4.0,4.0,50.0,,,,,,,,,,,,,,,,,,,,,,,,,,,,,,,,,,,,,,,,,,,,,,,,,,,,,,,,,,,,,,,,,,,,,,,,,,,,,,,,,,,,
44072,1645901697.1892052,1645901697.234775,92.0,0.0,4208.205078,4714.358886999999,4251.282227000001,4175.897461,4218.461426,450.0,1.0,15.0,,,,0.0,4.0,2.0,0.0,4.0,4.0,50.0,,,,,,,,46.0,0.0,0.722176,0.11377000000000001,0.658203,0.17968800000000001,0.9267719999999999,-0.39453699999999997,-0.11133,-0.032141,-0.033628,-0.010836,,,,,,,,,,,,,,,,,,,,,,,,,,,,,,,,,,,,,,,,,,,,,,,,,,,,,,,,,,,,,,,,,
44073,1645901697.1970189,1645901697.24259,93.0,0.0,4216.922852000001,4750.769043,4267.179688,4168.717772999999,4184.615234000001,450.0,1.0,15.0,,,,0.0,4.0,2.0,0.0,4.0,4.0,50.0,,,,,,,,,,,,,,,,,,,,,,,,,,,,,,,,,,,,,,,,,,,,,,,,,,,,,,,,,,,,,,,,,,,,,,,,,,,,,,,,,,,,
44074,1645901697.204832,1645901697.250404,94.0,0.0,4225.128418,4702.563965,4222.563965,4154.871582,4196.410156,450.0,1.0,15.0,,,,0.0,4.0,2.0,0.0,4.0,4.0,50.0,,,,,,,,47.0,0.0,0.722214,0.113525,0.658203,0.17968800000000001,0.910658,-0.381353,-0.098146,-0.032199,-0.033537,-0.00902,,,,,,,,,,,,,,,,,,,,,,,,,,,,,,,,,,,0.0,0.0,1.0,0.0,512.0,1.0,,,,,,,,,,,,,,,,,,,,,,,,,
44075,1645901697.212646,1645901697.258219,95.0,0.0,4211.282227000001,4733.333496,4220.0,4160.512695,4204.615234000001,16202.0,1.0,15.0,,,,0.0,4.0,2.0,0.0,4.0,4.0,50.0,,,,,,,,,,,,,,,,,,,,,,,,,,,,,,,,,,,,,,,,,,,,,,,,,,,,,,,,,,,,,,,,,,,,,,,,,,,,,,,,,,,,
44076,1645901697.22046,1645901697.266034,96.0,0.0,4208.205078,4940.0,4224.102539,4170.256348,4211.282227000001,450.0,1.0,15.0,,,,0.0,4.0,2.0,0.0,4.0,4.0,50.0,,,,,,,,48.0,0.0,0.722436,0.113525,0.657959,0.17968800000000001,0.929213,-0.40283800000000003,-0.116701,-0.032152999999999994,-0.033552,-0.010462,,,,,,,,,,,,,,,,,,,,,,,,,,,,,,,,,,,,,,,,,,,,,,,,,,,,,,,,,,,,,,,,,
44077,1645901697.2282732,1645901697.273948,97.0,0.0,4198.461426,5064.615234000001,4186.153809,4155.897461,4206.666504,450.0,1.0,15.0,,,,0.0,4.0,2.0,0.0,4.0,4.0,50.0,,,,,,,,,,,,,,,,,,,,,,,,,,,,,,,,,,,,,,,,,,,,,,,,,,,,,,,,,,,,,,,,,,,,,,,,,,,,,,,,,,,,
44078,1645901697.2360868,1645901697.281763,98.0,0.0,4185.641113000001,5061.538574,4195.384765999999,4149.230957,4201.025879,450.0,1.0,15.0,,,,0.0,4.0,2.0,0.0,4.0,4.0,50.0,,,,,,,,49.0,0.0,0.722376,0.113525,0.657959,0.17993199999999998,0.9248190000000001,-0.412116,-0.104494,-0.032208999999999995,-0.033518,-0.008683,,,,,,,,,,,,,,,,,,,,,,,,,,,,,,,,,,,0.0,0.0,1.0,0.0,512.0,1.0,,,,,,,,,,,,,,,,,,,,,,,,,
44079,1645901697.243901,1645901697.289578,99.0,0.0,4186.153809,5097.436035,4247.179688,4175.897461,4194.358886999999,16202.0,1.0,15.0,,,,0.0,4.0,2.0,0.0,4.0,4.0,50.0,,,,,,,,,,,,,,,,,,,,,,,,,,,,,,,,,,,,,,,,,,,,,,,,,,,,,,,,,,,,,,,,,,,,,,,,,,,,,,,,,,,,
44080,1645901697.251715,1645901697.297392,100.0,0.0,4216.922852000001,5112.307617,4250.769043,4193.846191,4225.128418,450.0,1.0,15.0,,,,0.0,4.0,2.0,0.0,4.0,4.0,50.0,,,,,,,,50.0,0.0,0.722376,0.113525,0.657959,0.17993199999999998,0.9194479999999999,-0.40283800000000003,-0.10888800000000001,-0.032307999999999996,-0.033632999999999996,-0.007131,,,,,,,,,,,,,,,,,,,,,,,,,,,,,,,,,,,,,,,,,,,,,,,,,,,,,,,,,,,,,,,,,
44081,1645901697.259528,1645901697.305207,101.0,0.0,4206.666504,5016.922852000001,4246.666504,4162.563965,4242.05127,450.0,1.0,15.0,,,,0.0,4.0,2.0,0.0,4.0,4.0,50.0,,,,,,,,,,,,,,,,,,,,,,,,,,,,,,,,,,,,,,,,,,,,,,,,,,,,,,,,,,,,,,,,,,,,,,,,,,,,,,,,,,,,
44082,1645901697.267342,1645901697.3130212,102.0,0.0,4196.922852000001,5016.922852000001,4269.743652,4146.153809,4228.717772999999,450.0,1.0,15.0,,,,0.0,4.0,2.0,0.0,4.0,4.0,50.0,,,,,,,,51.0,0.0,0.722376,0.113525,0.657959,0.17993199999999998,0.903334,-0.413092,-0.12451400000000001,-0.032251,-0.033638999999999995,-0.00886,1.0,0.0,0.0,,,,,,,,,,,,,,,,,,,,,,,,,,,,,,,,0.0,0.0,1.0,0.0,512.0,1.0,2043.422607,42.209301,31.714382,7.669223,4.07722,1662.579102,939.034058,295.14743,151.875153,78.955269,26.718790000000002,31.79055,7.036777000000001,5.532806,9.858675,14.322555,11.017529,9.283884,6.465401,3.63249,864.4696039999999,28.84931,5.418959,4.063757,3.566382
44083,1645901697.275156,1645901697.3208358,103.0,0.0,4220.512695,5064.615234000001,4246.153809,4155.897461,4218.974121,16202.0,1.0,15.0,,,,0.0,4.0,2.0,0.0,4.0,4.0,50.0,,,,,,,,,,,,,,,,,,,,,,,,,,,,,,,,,,,,,,,,,,,,,,,,,,,,,,,,,,,,,,,,,,,,,,,,,,,,,,,,,,,,
44084,1645901697.28297,1645901697.328651,104.0,0.0,4225.128418,4999.487305,4218.461426,4162.05127,4213.333496,450.0,1.0,15.0,,,,0.0,4.0,2.0,0.0,4.0,4.0,50.0,,,,,,,,52.0,0.0,0.722414,0.11328099999999999,0.657959,0.17993199999999998,0.9116350000000001,-0.41113900000000003,-0.10693499999999999,-0.032249,-0.033644,-0.010317,,,,,,,,,,,,,,,,,,,,,,,,,,,,,,,,,,,,,,,,,,,,,,,,,,,,,,,,,,,,,,,,,
44085,1645901697.290783,1645901697.3364651,105.0,0.0,4204.615234000001,5016.410156,4215.384765999999,4146.666504,4225.641113000001,450.0,1.0,15.0,,,,0.0,4.0,2.0,0.0,4.0,4.0,50.0,,,,,,,,,,,,,,,,,,,,,,,,,,,,,,,,,,,,,,,,,,,,,,,,,,,,,,,,,,,,,,,,,,,,,,,,,,,,,,,,,,,,
44086,1645901697.298597,1645901697.3443801,106.0,0.0,4196.922852000001,5131.282227000001,4240.0,4138.974121,4243.589844,450.0,1.0,15.0,,,,0.0,4.0,2.0,0.0,4.0,4.0,50.0,,,,,,,,53.0,0.0,0.722475,0.11328099999999999,0.657959,0.17968800000000001,0.918959,-0.406744,-0.10498199999999999,-0.0321,-0.0336,-0.011825,,,,,,,,,,,,,,,,,,,,,,,,,,,,,,,,,,,0.0,0.0,1.0,0.0,512.0,1.0,,,,,,,,,,,,,,,,,,,,,,,,,
44087,1645901697.306411,1645901697.352195,107.0,0.0,4203.077147999999,5108.205078,4242.05127,4156.410156,4242.05127,16202.0,1.0,15.0,,,,0.0,4.0,2.0,0.0,4.0,4.0,50.0,,,,,,,,,,,,,,,,,,,,,,,,,,,,,,,,,,,,,,,,,,,,,,,,,,,,,,,,,,,,,,,,,,,,,,,,,,,,,,,,,,,,
44088,1645901697.314224,1645901697.360009,108.0,0.0,4197.94873,5011.282227000001,4275.384765999999,4175.897461,4216.922852000001,450.0,1.0,15.0,,,,0.0,4.0,2.0,0.0,4.0,4.0,50.0,,,,,,,,54.0,0.0,0.722475,0.11328099999999999,0.657959,0.17968800000000001,0.934585,-0.413092,-0.09765800000000001,-0.032014999999999995,-0.033511,-0.009959,,,,,,,,,,,,,,,,,,,,,,,,,,,,,,,,,,,,,,,,,,,,,,,,,,,,,,,,,,,,,,,,,
44089,1645901697.3220382,1645901697.367824,109.0,0.0,4209.230957,4992.307617,4213.846191,4158.461426,4222.05127,450.0,1.0,15.0,,,,0.0,4.0,2.0,0.0,4.0,4.0,50.0,,,,,,,,,,,,,,,,,,,,,,,,,,,,,,,,,,,,,,,,,,,,,,,,,,,,,,,,,,,,,,,,,,,,,,,,,,,,,,,,,,,,
44090,1645901697.3298519,1645901697.375639,110.0,0.0,4207.179688,4992.307617,4203.589844,4141.538574,4226.153809,450.0,1.0,15.0,,,,0.0,4.0,2.0,0.0,4.0,4.0,50.0,,,,,,,,55.0,0.0,0.722475,0.11328099999999999,0.657959,0.17968800000000001,0.917983,-0.397955,-0.107912,-0.032037,-0.033382999999999996,-0.011453,,,,,,,,,,,,,,,,,,,,,,,,,,,,,,,,,,,0.0,0.0,1.0,0.0,512.0,1.0,,,,,,,,,,,,,,,,,,,,,,,,,
44091,1645901697.337666,1645901697.383453,111.0,0.0,4211.794922,5047.692383,4218.974121,4146.153809,4205.641113000001,16202.0,1.0,15.0,,,,0.0,4.0,2.0,0.0,4.0,4.0,50.0,,,,,,,,,,,,,,,,,,,,,,,,,,,,,,,,,,,,,,,,,,,,,,,,,,,,,,,,,,,,,,,,,,,,,,,,,,,,,,,,,,,,
44092,1645901697.345479,1645901697.391268,112.0,0.0,4215.384765999999,5133.333496,4195.384765999999,4124.615234000001,4209.230957,450.0,1.0,15.0,,,,0.0,4.0,2.0,0.0,4.0,4.0,50.0,,,,,,,,56.0,0.0,0.722659,0.113525,0.6577149999999999,0.17968800000000001,0.9116350000000001,-0.404303,-0.120119,-0.032056,-0.033414,-0.012603,,,,,,,,,,,,,,,,,,,,,,,,,,,,,,,,,,,,,,,,,,,,,,,,,,,,,,,,,,,,,,,,,
44093,1645901697.353293,1645901697.399082,113.0,0.0,4227.179688,5133.333496,4171.282227000001,4116.410156,4242.563965,450.0,1.0,15.0,,,,0.0,4.0,2.0,0.0,4.0,4.0,50.0,,,,,,,,,,,,,,,,,,,,,,,,,,,,,,,,,,,,,,,,,,,,,,,,,,,,,,,,,,,,,,,,,,,,,,,,,,,,,,,,,,,,
44094,1645901697.361107,1645901697.406897,114.0,0.0,4231.794922,5091.282227000001,4211.794922,4099.487305,4229.230957,450.0,1.0,15.0,,,,0.0,4.0,2.0,0.0,4.0,4.0,50.0,,,,,,,,57.0,0.0,0.722659,0.113525,0.6577149999999999,0.17968800000000001,0.9199360000000001,-0.39697899999999997,-0.102052,-0.032024000000000004,-0.033491,-0.013734999999999999,,,,,,,,,,,,,,,,,,,,,,,,,,,,,,,,,,,0.0,0.0,1.0,0.0,512.0,1.0,,,,,,,,,,,,,,,,,,,,,,,,,
44095,1645901697.3689198,1645901697.414712,115.0,0.0,4228.717772999999,5095.384765999999,4236.410156,4118.974121,4206.153809,16202.0,1.0,15.0,,,,0.0,4.0,2.0,0.0,4.0,4.0,50.0,,,,,,,,,,,,,,,,,,,,,,,,,,,,,,,,,,,,,,,,,,,,,,,,,,,,,,,,,,,,,,,,,,,,,,,,,,,,,,,,,,,,
44096,1645901697.376734,1645901697.422626,116.0,0.0,4232.307617,5146.153809,4241.538574,4191.282227000001,4204.102539,450.0,1.0,15.0,,,,0.0,4.0,2.0,0.0,4.0,4.0,50.0,,,,,,,,58.0,0.0,0.722475,0.11328099999999999,0.657959,0.17968800000000001,0.917983,-0.397955,-0.107912,-0.031947,-0.033511,-0.011678000000000001,,,,,,,,,,,,,,,,,,,,,,,,,,,,,,,,,,,,,,,,,,,,,,,,,,,,,,,,,,,,,,,,,
44097,1645901697.384548,1645901697.430441,117.0,0.0,4264.102539,5190.769043,4273.333496,4223.077147999999,4214.871582,450.0,1.0,15.0,,,,0.0,4.0,2.0,0.0,4.0,4.0,50.0,,,,,,,,,,,,,,,,,,,,,,,,,,,,,,,,,,,,,,,,,,,,,,,,,,,,,,,,,,,,,,,,,,,,,,,,,,,,,,,,,,,,
44098,1645901697.3923619,1645901697.438256,118.0,0.0,4285.641113000001,5166.666504,4250.769043,4177.436035,4227.692383,450.0,1.0,15.0,,,,0.0,4.0,2.0,0.0,4.0,4.0,50.0,,,,,,,,59.0,0.0,0.722659,0.113525,0.6577149999999999,0.17968800000000001,0.9199360000000001,-0.39697899999999997,-0.102052,-0.031925999999999996,-0.033578,-0.012903,1.0,0.0,0.0,,,,,,,,,,,,,,,,,,,,,,,,,,,,,,,,0.0,0.0,1.0,0.0,512.0,1.0,1923.808228,36.274906,27.339136,7.483689,5.639305,1464.043457,763.205688,255.12767000000002,140.929138,74.289734,27.784189,31.628884999999997,7.758081,5.535668,13.730452,12.903799000000001,8.969435,7.274462,6.291646,4.153642,804.2548830000001,23.859512,4.495995,3.6938699999999995,4.846623999999999
44099,1645901697.400175,1645901697.44607,119.0,0.0,4283.589844,5167.179688,4271.282227000001,4166.666504,4264.615234000001,16202.0,1.0,15.0,,,,0.0,4.0,2.0,0.0,4.0,4.0,50.0,,,,,,,,,,,,,,,,,,,,,,,,,,,,,,,,,,,,,,,,,,,,,,,,,,,,,,,,,,,,,,,,,,,,,,,,,,,,,,,,,,,,
44100,1645901697.407989,1645901697.453885,120.0,0.0,4287.692383,5218.974121,4274.358886999999,4176.410156,4280.512695,450.0,1.0,15.0,,,,0.0,4.0,2.0,0.0,4.0,4.0,50.0,,,,,,,,60.0,0.0,0.722697,0.11328099999999999,0.6577149999999999,0.17968800000000001,0.9233540000000001,-0.408698,-0.114748,-0.032005,-0.033638,-0.010929000000000001,,,,,,,,,,,,,,,,,,,,,,,,,,,,,,,,,,,,,,,,,,,,,,,,,,,,,,,,,,,,,,,,,
44101,1645901697.415803,1645901697.4617,121.0,0.0,4293.333496,5182.563965,4236.922852000001,4151.794922,4251.794922,450.0,1.0,15.0,,,,0.0,4.0,2.0,0.0,4.0,4.0,50.0,,,,,,,,,,,,,,,,,,,,,,,,,,,,,,,,,,,,,,,,,,,,,,,,,,,,,,,,,,,,,,,,,,,,,,,,,,,,,,,,,,,,
44102,1645901697.423617,1645901697.4695141,122.0,0.0,4286.666504,5125.128418,4248.717772999999,4134.871582,4230.256348,450.0,1.0,15.0,,,,0.0,4.0,2.0,0.0,4.0,4.0,50.0,,,,,,,,61.0,0.0,0.722697,0.11328099999999999,0.6577149999999999,0.17968800000000001,0.920424,-0.393561,-0.11425999999999999,-0.032027,-0.033594,-0.012326,,,,,,,,,,,,,,,,,,,,,,,,,,,,,,,,,,,0.0,0.0,1.0,0.0,512.0,1.0,,,,,,,,,,,,,,,,,,,,,,,,,
44103,1645901697.43143,1645901697.477329,123.0,0.0,4260.512695,5143.077147999999,4329.743652,4152.820313,4238.974121,16202.0,1.0,15.0,,,,0.0,4.0,2.0,0.0,4.0,4.0,50.0,,,,,,,,,,,,,,,,,,,,,,,,,,,,,,,,,,,,,,,,,,,,,,,,,,,,,,,,,,,,,,,,,,,,,,,,,,,,,,,,,,,,
44104,1645901697.439244,1645901697.485143,124.0,0.0,4244.615234000001,5154.358886999999,4287.179688,4189.743652,4249.230957,450.0,1.0,15.0,,,,0.0,4.0,2.0,0.0,4.0,4.0,50.0,,,,,,,,62.0,0.0,0.7226739999999999,0.11303699999999998,0.6577149999999999,0.17993199999999998,0.9052870000000001,-0.39942,-0.11230599999999999,-0.032096,-0.033604,-0.010409999999999999,,,,,,,,,,,,,,,,,,,,,,,,,,,,,,,,,,,,,,,,,,,,,,,,,,,,,,,,,,,,,,,,,
44105,1645901697.447058,1645901697.493058,125.0,0.0,4253.333496,5128.205078,4260.0,4188.717772999999,4235.384765999999,450.0,1.0,15.0,,,,0.0,4.0,1.0,0.0,4.0,4.0,41.666668,,,,,,,,,,,,,,,,,,,,,,,,,,,,,,,,,,,,,,,,,,,,,,,,,,,,,,,,,,,,,,,,,,,,,,,,,,,,,,,,,,,,
44106,1645901697.4548721,1645901697.500873,126.0,0.0,4273.333496,5113.846191,4240.512695,4151.794922,4236.410156,450.0,1.0,15.0,,,,0.0,4.0,1.0,0.0,4.0,4.0,41.666668,,,,,,,,63.0,0.0,0.7226739999999999,0.11303699999999998,0.6577149999999999,0.17993199999999998,0.923842,-0.398444,-0.10888800000000001,-0.031962,-0.033564,-0.01181,,,,,,,,,,,,,,,,,,,,,,,,,,,,,,,,,,,0.0,0.0,1.0,0.0,512.0,1.0,,,,,,,,,,,,,,,,,,,,,,,,,
44107,1645901697.4626849,1645901697.508687,127.0,0.0,4271.282227000001,5060.0,4200.512695,4144.615234000001,4249.230957,232.0,1.0,15.0,,,,0.0,4.0,1.0,0.0,4.0,4.0,41.666668,,,,,,,,,,,,,,,,,,,,,,,,,,,,,,,,,,,,,,,,,,,,,,,,,,,,,,,,,,,,,,,,,,,,,,,,,,,,,,,,,,,,
44108,1645901697.470499,1645901697.516502,0.0,0.0,4281.025879,5030.769043,4202.05127,4173.333496,4267.692383,450.0,1.0,15.0,,,,0.0,4.0,1.0,0.0,4.0,4.0,41.666668,,,,,,,,0.0,0.0,0.722713,0.112793,0.6577149999999999,0.17993199999999998,0.922866,-0.40283800000000003,-0.101076,-0.031891,-0.033527999999999995,-0.009848,,,,,,,,,,,,,,,,,,,,,,,,,,,,,,,,,,,,,,,,,,,,,,,,,,,,,,,,,,,,,,,,,
44109,1645901697.478313,1645901697.524317,1.0,0.0,4286.666504,5084.102539,4243.589844,4160.0,4261.025879,450.0,1.0,15.0,,,,0.0,4.0,1.0,0.0,4.0,4.0,41.666668,,,,,,,,,,,,,,,,,,,,,,,,,,,,,,,,,,,,,,,,,,,,,,,,,,,,,,,,,,,,,,,,,,,,,,,,,,,,,,,,,,,,
44110,1645901697.486127,1645901697.532131,2.0,0.0,4280.512695,5067.692383,4226.153809,4166.666504,4254.871582,16148.0,1.0,15.0,,,,0.0,4.0,1.0,0.0,4.0,4.0,41.666668,,,,,,,,1.0,0.0,0.722773,0.112793,0.6577149999999999,0.17968800000000001,0.9150530000000001,-0.400397,-0.097169,-0.031876,-0.033447000000000005,-0.011451000000000001,,,,,,,,,,,,,,,,,,,,,,,,,,,,,,,,,,,0.0,0.0,1.0,0.0,512.0,1.0,,,,,,,,,,,,,,,,,,,,,,,,,
44111,1645901697.49394,1645901697.539946,3.0,0.0,4274.871582,4966.153809,4212.307617,4203.077147999999,4238.461426,450.0,1.0,15.0,,,,0.0,4.0,1.0,0.0,4.0,4.0,41.666668,,,,,,,,,,,,,,,,,,,,,,,,,,,,,,,,,,,,,,,,,,,,,,,,,,,,,,,,,,,,,,,,,,,,,,,,,,,,,,,,,,,,
44112,1645901697.5017538,1645901697.547761,4.0,0.0,4289.230957,4959.487305,4250.256348,4196.922852000001,4217.436035,69.0,1.0,15.0,,,,0.0,4.0,1.0,0.0,4.0,4.0,41.666668,,,,,,,,2.0,0.0,0.722773,0.112793,0.6577149999999999,0.17968800000000001,0.9077290000000001,-0.39453699999999997,-0.11523599999999999,-0.031862,-0.033422,-0.012748,,,,,,,,,,,,,,,,,,,,,,,,,,,,,,,,,,,,,,,,,,,,,,,,,,,,,,,,,,,,,,,,,
44113,1645901697.509568,1645901697.555575,5.0,0.0,4285.641113000001,5063.077147999999,4215.897461,4169.743652,4209.743652,450.0,1.0,15.0,,,,0.0,4.0,1.0,0.0,4.0,4.0,41.666668,,,,,,,,,,,,,,,,,,,,,,,,,,,,,,,,,,,,,,,,,,,,,,,,,,,,,,,,,,,,,,,,,,,,,,,,,,,,,,,,,,,,
44114,1645901697.5173821,1645901697.56339,6.0,0.0,4266.666504,5069.230957,4220.0,4194.358886999999,4234.358886999999,0.0,1.0,15.0,,,,0.0,4.0,1.0,0.0,4.0,4.0,41.666668,,,,,,,,3.0,0.0,0.722773,0.112793,0.6577149999999999,0.17968800000000001,0.918959,-0.409186,-0.093263,-0.031996,-0.033449,-0.013963,1.0,0.0,0.0,,,,,,,,,,,,,,,,,,,,,,,,,,,,,,,,0.0,0.0,1.0,0.0,512.0,1.0,1570.041992,27.910185,20.685869,6.727464,7.028742,1159.005981,552.57959,196.010773,117.10223400000001,64.104866,28.141582,30.691521,7.962528,5.318272,17.923,10.951462,7.652099000000001,5.877873,6.137383,4.688562999999999,649.5311280000001,17.206051000000002,3.482679,3.152508,6.024239
44115,1645901697.525195,1645901697.5713038,7.0,0.0,4257.94873,4928.205078,4272.820313,4197.94873,4244.102539,450.0,1.0,15.0,,,,0.0,4.0,1.0,0.0,4.0,4.0,41.666668,,,,,,,,,,,,,,,,,,,,,,,,,,,,,,,,,,,,,,,,,,,,,,,,,,,,,,,,,,,,,,,,,,,,,,,,,,,,,,,,,,,,
44116,1645901697.533009,1645901697.579119,8.0,0.0,4253.846191,4900.512695,4294.358886999999,4154.871582,4238.974121,450.0,1.0,15.0,,,,0.0,4.0,1.0,0.0,4.0,4.0,41.666668,,,,,,,,4.0,0.0,0.722796,0.11303699999999998,0.6577149999999999,0.17944300000000002,0.9199360000000001,-0.398444,-0.10498199999999999,-0.032068,-0.033474000000000004,-0.011981,,,,,,,,,,,,,,,,,,,,,,,,,,,,,,,,,,,,,,,,,,,,,,,,,,,,,,,,,,,,,,,,,
44117,1645901697.540823,1645901697.586934,9.0,0.0,4250.256348,5014.871582,4273.846191,4142.05127,4238.461426,285.0,1.0,15.0,,,,0.0,4.0,1.0,0.0,4.0,4.0,41.666668,,,,,,,,,,,,,,,,,,,,,,,,,,,,,,,,,,,,,,,,,,,,,,,,,,,,,,,,,,,,,,,,,,,,,,,,,,,,,,,,,,,,
44118,1645901697.548636,1645901697.594748,10.0,0.0,4267.179688,5038.461426,4313.846191,4159.487305,4228.205078,450.0,1.0,15.0,,,,0.0,4.0,1.0,0.0,4.0,4.0,41.666668,,,,,,,,5.0,0.0,0.722796,0.11303699999999998,0.6577149999999999,0.17944300000000002,0.913588,-0.393561,-0.113283,-0.031987,-0.033544,-0.013224000000000001,,,,,,,,,,,,,,,,,,,,,,,,,,,,,,,,,,,0.0,0.0,1.0,0.0,512.0,1.0,,,,,,,,,,,,,,,,,,,,,,,,,
44119,1645901697.55645,1645901697.6025631,11.0,0.0,4292.820313,4944.615234000001,4310.769043,4171.794922,4229.230957,16132.0,1.0,15.0,,,,0.0,4.0,1.0,0.0,4.0,4.0,41.666668,,,,,,,,,,,,,,,,,,,,,,,,,,,,,,,,,,,,,,,,,,,,,,,,,,,,,,,,,,,,,,,,,,,,,,,,,,,,,,,,,,,,
44120,1645901697.564264,1645901697.610378,12.0,0.0,4294.871582,4927.692383,4284.102539,4172.307617,4236.410156,450.0,1.0,15.0,,,,0.0,4.0,1.0,0.0,4.0,4.0,41.666668,,,,,,,,6.0,0.0,0.722796,0.11303699999999998,0.6577149999999999,0.17944300000000002,0.9160299999999999,-0.398932,-0.11133,-0.032059,-0.033510000000000005,-0.014343,,,,,,,,,,,,,,,,,,,,,,,,,,,,,,,,,,,,,,,,,,,,,,,,,,,,,,,,,,,,,,,,,
44121,1645901697.572078,1645901697.618192,13.0,0.0,4298.974121,4966.666504,4266.666504,4166.666504,4234.358886999999,450.0,1.0,15.0,,,,0.0,4.0,1.0,0.0,4.0,4.0,41.666668,,,,,,,,,,,,,,,,,,,,,,,,,,,,,,,,,,,,,,,,,,,,,,,,,,,,,,,,,,,,,,,,,,,,,,,,,,,,,,,,,,,,
44122,1645901697.579891,1645901697.626007,14.0,0.0,4303.077147999999,4950.769043,4264.615234000001,4167.692383,4238.974121,450.0,1.0,15.0,,,,0.0,4.0,1.0,0.0,4.0,4.0,41.666668,,,,,,,,7.0,0.0,0.722796,0.11303699999999998,0.6577149999999999,0.17944300000000002,0.922377,-0.400885,-0.113771,-0.031979,-0.033527999999999995,-0.015399000000000001,,,,,,,,,,,,,,,,,,,,,,,,,,,,,,,,,,,0.0,0.0,1.0,0.0,512.0,1.0,,,,,,,,,,,,,,,,,,,,,,,,,
44123,1645901697.5877051,1645901697.633822,15.0,0.0,4305.128418,4914.871582,4231.282227000001,4185.128418,4266.666504,16132.0,1.0,15.0,,,,0.0,4.0,1.0,0.0,4.0,4.0,41.666668,,,,,,,,,,,,,,,,,,,,,,,,,,,,,,,,,,,,,,,,,,,,,,,,,,,,,,,,,,,,,,,,,,,,,,,,,,,,,,,,,,,,
44124,1645901697.5955188,1645901697.641736,16.0,0.0,4303.589844,4910.256348,4230.256348,4185.128418,4249.743652,0.0,1.0,15.0,,,,0.0,4.0,1.0,0.0,4.0,4.0,41.666668,,,,,,,,8.0,0.0,0.722697,0.11328099999999999,0.6577149999999999,0.17968800000000001,0.9160299999999999,-0.415045,-0.10498199999999999,-0.032003,-0.033594,-0.013175999999999998,,,,,,,,,,,,,,,,,,,,,,,,,,,,,,,,,,,,,,,,,,,,,,,,,,,,,,,,,,,,,,,,,
44125,1645901697.603333,1645901697.649551,17.0,0.0,4318.974121,4915.897461,4218.461426,4200.512695,4237.94873,0.0,1.0,15.0,,,,0.0,4.0,1.0,0.0,4.0,4.0,41.666668,,,,,,,,,,,,,,,,,,,,,,,,,,,,,,,,,,,,,,,,,,,,,,,,,,,,,,,,,,,,,,,,,,,,,,,,,,,,,,,,,,,,
44126,1645901697.6111462,1645901697.657465,18.0,0.0,4303.589844,4888.717772999999,4200.512695,4216.410156,4250.256348,0.0,1.0,15.0,,,,0.0,4.0,1.0,0.0,4.0,4.0,41.666668,,,,,,,,9.0,0.0,0.722697,0.11328099999999999,0.6577149999999999,0.17968800000000001,0.9155409999999999,-0.409674,-0.104005,-0.032123,-0.033602999999999994,-0.014348,,,,,,,,,,,,,,,,,,,,,,,,,,,,,,,,,,,0.0,0.0,1.0,0.0,512.0,1.0,,,,,,,,,,,,,,,,,,,,,,,,,
44127,1645901697.61896,1645901697.66528,19.0,0.0,4293.333496,4901.025879,4195.384765999999,4198.974121,4237.436035,0.0,1.0,15.0,,,,0.0,4.0,1.0,0.0,4.0,4.0,41.666668,,,,,,,,,,,,,,,,,,,,,,,,,,,,,,,,,,,,,,,,,,,,,,,,,,,,,,,,,,,,,,,,,,,,,,,,,,,,,,,,,,,,
44128,1645901697.626774,1645901697.673095,20.0,0.0,4298.461426,4977.94873,4201.025879,4167.692383,4222.05127,0.0,1.0,15.0,,,,0.0,4.0,1.0,0.0,4.0,4.0,41.666668,,,,,,,,10.0,0.0,0.722636,0.11328099999999999,0.6577149999999999,0.17993199999999998,0.9077290000000001,-0.401373,-0.109865,-0.028960000000000003,-0.033563,-0.015208000000000001,,,,,,,,,,,,,,,,,,,,,,,,,,,,,,,,,,,,,,,,,,,,,,,,,,,,,,,,,,,,,,,,,
44129,1645901697.6345868,1645901697.680909,21.0,0.0,4293.333496,4996.922852000001,4225.641113000001,4176.410156,4263.589844,0.0,1.0,15.0,,,,0.0,4.0,1.0,0.0,4.0,4.0,41.666668,,,,,,,,,,,,,,,,,,,,,,,,,,,,,,,,,,,,,,,,,,,,,,,,,,,,,,,,,,,,,,,,,,,,,,,,,,,,,,,,,,,,
44130,1645901697.642401,1645901697.688724,22.0,0.0,4284.102539,4944.102539,4228.717772999999,4165.641113000001,4278.974121,0.0,1.0,15.0,,,,0.0,4.0,1.0,0.0,4.0,4.0,41.666668,1.0,8.333333,1.0,0.0,0.0,3.0,3.0,11.0,0.0,0.722636,0.11328099999999999,0.6577149999999999,0.17993199999999998,0.9209129999999999,-0.408209,-0.10254100000000001,-0.029238,-0.033674,-0.013102,1.0,0.0,0.0,,,,,,,,,,,,,,,,,,,,,,,,,,,,,,,,0.0,0.0,1.0,0.0,512.0,1.0,1095.158447,19.203129,13.742351999999999,5.621493,7.848828999999999,831.543457,361.89401200000003,134.555649,88.849098,51.483940000000004,27.342838,29.017534,7.542706,4.95383,21.136272,8.795572,6.806832000000001,5.536788,5.921327,5.079979,448.893738,10.700091,2.684439,2.646345,6.803386
44131,1645901697.6502151,1645901697.696538,23.0,0.0,4312.307617,4898.974121,4208.205078,4136.410156,4254.871582,0.0,1.0,15.0,,,,0.0,4.0,1.0,0.0,4.0,4.0,41.666668,,,,,,,,,,,,,,,,,,,,,,,,,,,,,,,,,,,,,,,,,,,,,,,,,,,,,,,,,,,,,,,,,,,,,,,,,,,,,,,,,,,,
44132,1645901697.6580288,1645901697.7043529,24.0,0.0,4333.846191,4859.487305,4214.871582,4149.743652,4250.769043,0.0,1.0,15.0,,,,0.0,4.0,1.0,0.0,4.0,4.0,41.666668,,,,,,,,12.0,0.0,0.722697,0.11328099999999999,0.6577149999999999,0.17968800000000001,0.920424,-0.409186,-0.11084200000000001,-0.029537,-0.033578,-0.014184,,,,,,,,,,,,,,,,,,,,,,,,,,,,,,,,,,,,,,,,,,,,,,,,,,,,,,,,,,,,,,,,,
44133,1645901697.665842,1645901697.712168,25.0,0.0,4312.307617,4854.871582,4282.563965,4175.897461,4264.102539,0.0,1.0,15.0,,,,0.0,4.0,1.0,0.0,4.0,4.0,41.666668,,,,,,,,,,,,,,,,,,,,,,,,,,,,,,,,,,,,,,,,,,,,,,,,,,,,,,,,,,,,,,,,,,,,,,,,,,,,,,,,,,,,
44134,1645901697.673656,1645901697.7199821,26.0,0.0,4292.820313,4894.358886999999,4272.820313,4139.487305,4265.128418,0.0,1.0,15.0,,,,0.0,4.0,1.0,0.0,4.0,4.0,41.666668,,,,,,,,13.0,0.0,0.722697,0.11328099999999999,0.6577149999999999,0.17968800000000001,0.9116350000000001,-0.40381500000000004,-0.104494,-0.029855,-0.033589,-0.01218,,,,,,,,,,,,,,,,,,,,,,,,,,,,,,,,,,,0.0,0.0,1.0,0.0,512.0,1.0,,,,,,,,,,,,,,,,,,,,,,,,,
44135,1645901697.68147,1645901697.7278972,27.0,0.0,4290.769043,4889.230957,4275.897461,4106.153809,4244.102539,0.0,1.0,15.0,,,,0.0,4.0,1.0,0.0,4.0,4.0,41.666668,,,,,,,,,,,,,,,,,,,,,,,,,,,,,,,,,,,,,,,,,,,,,,,,,,,,,,,,,,,,,,,,,,,,,,,,,,,,,,,,,,,,
44136,1645901697.689284,1645901697.7357118,28.0,0.0,4313.333496,4836.410156,4250.256348,4132.820313,4250.256348,0.0,1.0,15.0,,,,0.0,4.0,1.0,0.0,4.0,4.0,41.666668,,,,,,,,14.0,0.0,0.722636,0.11328099999999999,0.6577149999999999,0.17993199999999998,0.9233540000000001,-0.407233,-0.109377,-0.030043,-0.033551,-0.013452,,,,,,,,,,,,,,,,,,,,,,,,,,,,,,,,,,,,,,,,,,,,,,,,,,,,,,,,,,,,,,,,,
44137,1645901697.697097,1645901697.743526,29.0,0.0,4318.974121,4845.641113000001,4214.871582,4169.743652,4263.077147999999,0.0,1.0,15.0,,,,0.0,4.0,1.0,0.0,4.0,4.0,41.666668,,,,,,,,,,,,,,,,,,,,,,,,,,,,,,,,,,,,,,,,,,,,,,,,,,,,,,,,,,,,,,,,,,,,,,,,,,,,,,,,,,,,
44138,1645901697.704911,1645901697.751341,30.0,0.0,4309.230957,4892.307617,4186.666504,4155.897461,4269.743652,0.0,1.0,15.0,,,,0.0,4.0,1.0,0.0,4.0,4.0,41.666668,,,,,,,,15.0,0.0,0.722697,0.11328099999999999,0.6577149999999999,0.17968800000000001,0.9199360000000001,-0.412116,-0.103029,-0.030213,-0.033516000000000004,-0.014499000000000001,,,,,,,,,,,,,,,,,,,,,,,,,,,,,,,,,,,0.0,0.0,1.0,0.0,512.0,1.0,,,,,,,,,,,,,,,,,,,,,,,,,
44139,1645901697.712725,1645901697.759156,31.0,0.0,4301.538574,4883.589844,4231.794922,4122.563965,4263.589844,0.0,1.0,15.0,,,,0.0,4.0,1.0,0.0,4.0,4.0,41.666668,,,,,,,,,,,,,,,,,,,,,,,,,,,,,,,,,,,,,,,,,,,,,,,,,,,,,,,,,,,,,,,,,,,,,,,,,,,,,,,,,,,,
44140,1645901697.720539,1645901697.76697,32.0,0.0,4329.230957,4877.436035,4225.128418,4136.922852000001,4272.307617,0.0,1.0,15.0,,,,0.0,4.0,1.0,0.0,4.0,4.0,41.666668,,,,,,,,16.0,0.0,0.722697,0.11328099999999999,0.6577149999999999,0.17968800000000001,0.908217,-0.40381500000000004,-0.11230599999999999,-0.030316000000000003,-0.033583,-0.015588999999999999,,,,,,,,,,,,,,,,,,,,,,,,,,,,,,,,,,,,,,,,,,,,,,,,,,,,,,,,,,,,,,,,,
44141,1645901697.728352,1645901697.774785,33.0,0.0,4328.205078,4912.820313,4210.769043,4135.897461,4262.05127,0.0,1.0,15.0,,,,0.0,4.0,1.0,0.0,4.0,4.0,41.666668,,,,,,,,,,,,,,,,,,,,,,,,,,,,,,,,,,,,,,,,,,,,,,,,,,,,,,,,,,,,,,,,,,,,,,,,,,,,,,,,,,,,
44142,1645901697.736166,1645901697.782599,34.0,0.0,4308.717772999999,4916.410156,4220.512695,4121.025879,4235.897461,0.0,1.0,15.0,,,,0.0,4.0,1.0,0.0,4.0,4.0,41.666668,,,,,,,,17.0,0.0,0.722636,0.11328099999999999,0.6577149999999999,0.17993199999999998,0.922377,-0.403326,-0.107912,-0.030458999999999996,-0.033545,-0.01652,,,,,,,,,,,,,,,,,,,,,,,,,,,,,,,,,,,0.0,0.0,1.0,0.0,512.0,1.0,,,,,,,,,,,,,,,,,,,,,,,,,
44143,1645901697.7439802,1645901697.790414,35.0,0.0,4306.153809,4878.461426,4185.641113000001,4128.205078,4228.205078,0.0,1.0,15.0,,,,0.0,4.0,1.0,0.0,4.0,4.0,41.666668,,,,,,,,,,,,,,,,,,,,,,,,,,,,,,,,,,,,,,,,,,,,,,,,,,,,,,,,,,,,,,,,,,,,,,,,,,,,,,,,,,,,
44144,1645901697.7517939,1645901697.798229,36.0,0.0,4303.077147999999,4885.128418,4189.230957,4167.179688,4240.512695,0.0,1.0,15.0,,,,0.0,4.0,1.0,0.0,4.0,4.0,41.666668,,,,,,,,18.0,0.0,0.7226739999999999,0.11303699999999998,0.6577149999999999,0.17993199999999998,0.9233540000000001,-0.392584,-0.10351700000000001,-0.030635000000000003,-0.033608,-0.017261000000000002,,,,,,,,,,,,,,,,,,,,,,,,,,,,,,,,,,,,,,,,,,,,,,,,,,,,,,,,,,,,,,,,,
44145,1645901697.759607,1645901697.806143,37.0,0.0,4294.358886999999,4855.897461,4208.717772999999,4166.153809,4231.794922,0.0,1.0,15.0,,,,0.0,4.0,1.0,0.0,4.0,4.0,41.666668,,,,,,,,,,,,,,,,,,,,,,,,,,,,,,,,,,,,,,,,,,,,,,,,,,,,,,,,,,,,,,,,,,,,,,,,,,,,,,,,,,,,
44146,1645901697.767421,1645901697.813958,38.0,0.0,4301.025879,4771.282227000001,4195.897461,4140.0,4238.461426,0.0,1.0,15.0,,,,0.0,4.0,1.0,0.0,4.0,4.0,41.666668,,,,,,,,19.0,0.0,0.7226739999999999,0.11303699999999998,0.6577149999999999,0.17993199999999998,0.920424,-0.41358100000000003,-0.10547000000000001,-0.030648,-0.033568,-0.014802000000000001,1.0,0.0,0.0,,,,,,,,,,,,,,,,,,,,,,,,,,,,,,,,0.0,0.0,1.0,0.0,128.0,1.0,637.915649,11.877949000000001,8.165483,4.4250050000000005,7.838078,556.860596,223.46566800000002,83.778488,64.360031,39.802689,25.56152,26.859015000000003,6.669300999999999,4.619109,22.255236,6.742628999999999,6.224794999999999,6.302864,5.561649,5.197793,259.693237,5.700368,2.237284,2.349573,6.974455
44147,1645901697.775235,1645901697.821773,39.0,0.0,4301.538574,4770.256348,4194.358886999999,4133.333496,4256.410156,0.0,1.0,15.0,,,,0.0,4.0,1.0,0.0,4.0,4.0,41.666668,,,,,,,,,,,,,,,,,,,,,,,,,,,,,,,,,,,,,,,,,,,,,,,,,,,,,,,,,,,,,,,,,,,,,,,,,,,,,,,,,,,,
44148,1645901697.783049,1645901697.829587,40.0,0.0,4292.820313,4873.333496,4288.205078,4130.769043,4239.487305,0.0,1.0,15.0,,,,0.0,4.0,1.0,0.0,4.0,4.0,41.666668,,,,,,,,20.0,0.0,0.7226739999999999,0.11303699999999998,0.6577149999999999,0.17993199999999998,0.9233540000000001,-0.41113900000000003,-0.12109600000000001,-0.030708,-0.033531,-0.015861,,,,,,,,,,,,,,,,,,,,,,,,,,,,,,,,,,,,,,,,,,,,,,,,,,,,,,,,,,,,,,,,,
44149,1645901697.7908618,1645901697.8374019,41.0,0.0,4298.974121,4890.256348,4267.179688,4127.692383,4208.717772999999,0.0,1.0,15.0,,,,0.0,4.0,1.0,0.0,4.0,4.0,41.666668,,,,,,,,,,,,,,,,,,,,,,,,,,,,,,,,,,,,,,,,,,,,,,,,,,,,,,,,,,,,,,,,,,,,,,,,,,,,,,,,,,,,
44150,1645901697.798676,1645901697.845217,42.0,0.0,4305.128418,4803.077147999999,4226.153809,4128.205078,4221.025879,0.0,1.0,15.0,,,,0.0,4.0,1.0,0.0,4.0,4.0,41.666668,,,,,,,,21.0,0.0,0.722636,0.11328099999999999,0.6577149999999999,0.17993199999999998,0.904799,-0.41651000000000005,-0.119631,-0.030763,-0.03345,-0.013543000000000001,,,,,,,,,,,,,,,,,,,,,,,,,,,,,,,,,,,0.0,0.0,1.0,0.0,128.0,1.0,,,,,,,,,,,,,,,,,,,,,,,,,
44151,1645901697.80649,1645901697.8530312,43.0,0.0,4293.333496,4750.256348,4283.077147999999,4156.410156,4236.922852000001,0.0,1.0,15.0,,,,0.0,4.0,1.0,0.0,4.0,4.0,41.666668,,,,,,,,,,,,,,,,,,,,,,,,,,,,,,,,,,,,,,,,,,,,,,,,,,,,,,,,,,,,,,,,,,,,,,,,,,,,,,,,,,,,
44152,1645901697.814303,1645901697.860846,44.0,0.0,4300.0,4790.256348,4309.743652,4172.820313,4229.743652,0.0,1.0,15.0,,,,0.0,4.0,1.0,0.0,4.0,4.0,41.666668,,,,,,,,22.0,0.0,0.7226739999999999,0.11303699999999998,0.6577149999999999,0.17993199999999998,0.920424,-0.41358100000000003,-0.10547000000000001,-0.030958,-0.033474000000000004,-0.011406999999999999,,,,,,,,,,,,,,,,,,,,,,,,,,,,,,,,,,,,,,,,,,,,,,,,,,,,,,,,,,,,,,,,,
44153,1645901697.822117,1645901697.86866,45.0,0.0,4308.205078,4855.384765999999,4260.0,4164.102539,4246.666504,0.0,1.0,15.0,,,,0.0,4.0,1.0,0.0,4.0,4.0,41.666668,,,,,,,,,,,,,,,,,,,,,,,,,,,,,,,,,,,,,,,,,,,,,,,,,,,,,,,,,,,,,,,,,,,,,,,,,,,,,,,,,,,,
44154,1645901697.829931,1645901697.876575,46.0,0.0,4286.153809,4857.436035,4273.333496,4155.384765999999,4239.487305,0.0,1.0,15.0,,,,0.0,4.0,1.0,0.0,4.0,4.0,41.666668,,,,,,,,23.0,0.0,0.722636,0.11328099999999999,0.6577149999999999,0.17993199999999998,0.904799,-0.41651000000000005,-0.119631,-0.030987,-0.033398000000000004,-0.009534,,,,,,,,,,,,,,,,,,,,,,,,,,,,,,,,,,,0.0,0.0,1.0,0.0,128.0,1.0,,,,,,,,,,,,,,,,,,,,,,,,,
44155,1645901697.837745,1645901697.88439,47.0,0.0,4285.641113000001,4854.358886999999,4246.666504,4140.512695,4249.230957,0.0,1.0,15.0,,,,0.0,4.0,1.0,0.0,4.0,4.0,41.666668,,,,,,,,,,,,,,,,,,,,,,,,,,,,,,,,,,,,,,,,,,,,,,,,,,,,,,,,,,,,,,,,,,,,,,,,,,,,,,,,,,,,
44156,1645901697.845558,1645901697.8922038,48.0,0.0,4281.538574,4860.512695,4196.922852000001,4145.128418,4272.307617,0.0,1.0,15.0,,,,0.0,4.0,1.0,0.0,4.0,4.0,41.666668,,,,,,,,24.0,0.0,0.722636,0.11328099999999999,0.6577149999999999,0.17993199999999998,0.906752,-0.400397,-0.10693499999999999,-0.031160000000000004,-0.033476,-0.010973,,,,,,,,,,,,,,,,,,,,,,,,,,,,,,,,,,,,,,,,,,,,,,,,,,,,,,,,,,,,,,,,,
44157,1645901697.853372,1645901697.900019,49.0,0.0,4283.077147999999,4845.128418,4212.820313,4163.589844,4272.307617,0.0,1.0,15.0,,,,0.0,4.0,1.0,0.0,4.0,4.0,41.666668,,,,,,,,,,,,,,,,,,,,,,,,,,,,,,,,,,,,,,,,,,,,,,,,,,,,,,,,,,,,,,,,,,,,,,,,,,,,,,,,,,,,
44158,1645901697.861186,1645901697.907834,50.0,0.0,4269.743652,4895.897461,4257.94873,4144.102539,4241.025879,0.0,1.0,15.0,,,,0.0,4.0,1.0,0.0,4.0,4.0,41.666668,,,,,,,,25.0,0.0,0.722636,0.11328099999999999,0.6577149999999999,0.17993199999999998,0.91017,-0.399908,-0.10693499999999999,-0.031363999999999996,-0.033498,-0.009192,,,,,,,,,,,,,,,,,,,,,,,,,,,,,,,,,,,0.0,0.0,1.0,0.0,128.0,1.0,,,,,,,,,,,,,,,,,,,,,,,,,
44159,1645901697.869,1645901697.915648,51.0,0.0,4291.794922,4975.384765999999,4208.205078,4121.025879,4246.153809,0.0,1.0,15.0,,,,0.0,4.0,1.0,0.0,4.0,4.0,41.666668,,,,,,,,,,,,,,,,,,,,,,,,,,,,,,,,,,,,,,,,,,,,,,,,,,,,,,,,,,,,,,,,,,,,,,,,,,,,,,,,,,,,
44160,1645901697.8768132,1645901697.923463,52.0,0.0,4333.333496,4931.282227000001,4181.538574,4118.974121,4280.512695,0.0,1.0,15.0,,,,0.0,4.0,1.0,0.0,4.0,4.0,41.666668,,,,,,,,26.0,0.0,0.722636,0.11328099999999999,0.6577149999999999,0.17993199999999998,0.917006,-0.406256,-0.11035299999999999,-0.031451,-0.033468,-0.007687,,,,,,,,,,,,,,,,,,,,,,,,,,,,,,,,,,,,,,,,,,,,,,,,,,,,,,,,,,,,,,,,,
44161,1645901697.8846269,1645901697.931278,53.0,0.0,4351.282227000001,4877.94873,4253.846191,4143.077147999999,4286.153809,0.0,1.0,15.0,,,,0.0,4.0,1.0,0.0,4.0,4.0,41.666668,,,,,,,,,,,,,,,,,,,,,,,,,,,,,,,,,,,,,,,,,,,,,,,,,,,,,,,,,,,,,,,,,,,,,,,,,,,,,,,,,,,,
44162,1645901697.892441,1645901697.939092,54.0,0.0,4338.461426,4889.230957,4280.512695,4137.436035,4265.128418,0.0,1.0,15.0,,,,0.0,4.0,1.0,0.0,4.0,4.0,41.666668,,,,,,,,27.0,0.0,0.722636,0.11328099999999999,0.6577149999999999,0.17993199999999998,0.902358,-0.398444,-0.101564,-0.031528,-0.033491,-0.00936,1.0,0.0,0.0,,,,,,,,,,,,,,,,,,,,,,,,,,,,,,,,0.0,0.0,1.0,0.0,512.0,1.0,296.783173,6.912443,4.681936,3.3397699999999997,6.990678999999999,362.494598,140.842255,50.158264,48.29493,31.232439000000003,23.803435999999998,24.597576,5.624813,4.497783999999999,20.879870999999998,5.061208000000001,5.905521,7.700251,5.074322,5.001766,120.96033500000001,2.6772009999999997,2.0950860000000002,2.33754,6.501623
44163,1645901697.900254,1645901697.947007,55.0,0.0,4320.512695,4818.974121,4261.538574,4130.256348,4255.384765999999,0.0,1.0,15.0,,,,0.0,4.0,1.0,0.0,4.0,4.0,41.666668,,,,,,,,,,,,,,,,,,,,,,,,,,,,,,,,,,,,,,,,,,,,,,,,,,,,,,,,,,,,,,,,,,,,,,,,,,,,,,,,,,,,
44164,1645901697.908068,1645901697.954821,56.0,0.0,4318.974121,4764.615234000001,4233.333496,4132.820313,4252.820313,0.0,1.0,15.0,,,,0.0,4.0,1.0,0.0,4.0,4.0,41.666668,,,,,,,,28.0,0.0,0.722636,0.11328099999999999,0.6577149999999999,0.17993199999999998,0.920424,-0.394049,-0.104005,-0.028424,-0.033462,-0.007594,,,,,,,,,,,,,,,,,,,,,,,,,,,,,,,,,,,,,,,,,,,,,,,,,,,,,,,,,,,,,,,,,
44165,1645901697.915882,1645901697.962636,57.0,0.0,4311.282227000001,4838.461426,4260.0,4132.820313,4243.589844,0.0,1.0,15.0,,,,0.0,4.0,1.0,0.0,4.0,4.0,41.666668,,,,,,,,,,,,,,,,,,,,,,,,,,,,,,,,,,,,,,,,,,,,,,,,,,,,,,,,,,,,,,,,,,,,,,,,,,,,,,,,,,,,
44166,1645901697.923696,1645901697.9704509,58.0,0.0,4322.05127,4834.871582,4249.230957,4118.461426,4247.179688,0.0,1.0,15.0,,,,0.0,4.0,1.0,0.0,4.0,4.0,41.666668,,,,,,,,29.0,0.0,0.722575,0.11328099999999999,0.6577149999999999,0.180176,0.917983,-0.39502600000000004,-0.105959,-0.028901999999999997,-0.033533999999999994,-0.009276000000000001,,,,,,,,,,,,,,,,,,,,,,,,,,,,,,,,,,,0.0,0.0,1.0,0.0,512.0,1.0,,,,,,,,,,,,,,,,,,,,,,,,,
44167,1645901697.931509,1645901697.978265,59.0,0.0,4325.128418,4742.05127,4302.563965,4120.512695,4256.410156,0.0,1.0,15.0,,,,0.0,4.0,1.0,0.0,4.0,4.0,41.666668,,,,,,,,,,,,,,,,,,,,,,,,,,,,,,,,,,,,,,,,,,,,,,,,,,,,,,,,,,,,,,,,,,,,,,,,,,,,,,,,,,,,
44168,1645901697.939323,1645901697.9860802,60.0,0.0,4315.897461,4738.974121,4306.153809,4138.461426,4247.179688,0.0,1.0,15.0,,,,0.0,4.0,1.0,0.0,4.0,4.0,41.666668,,,,,,,,30.0,0.0,0.722575,0.11328099999999999,0.6577149999999999,0.180176,0.9160299999999999,-0.41699899999999995,-0.113283,-0.029235,-0.033500999999999996,-0.010790000000000001,,,,,,,,,,,,,,,,,,,,,,,,,,,,,,,,,,,,,,,,,,,,,,,,,,,,,,,,,,,,,,,,,
44169,1645901697.9471369,1645901697.9938948,61.0,0.0,4330.256348,4768.717772999999,4256.922852000001,4112.820313,4245.128418,0.0,1.0,15.0,,,,0.0,4.0,1.0,0.0,4.0,4.0,41.666668,,,,,,,,,,,,,,,,,,,,,,,,,,,,,,,,,,,,,,,,,,,,,,,,,,,,,,,,,,,,,,,,,,,,,,,,,,,,,,,,,,,,
44170,1645901697.95495,1645901698.001709,62.0,0.0,4358.461426,4758.461426,4239.487305,4143.589844,4272.307617,0.0,1.0,15.0,,,,0.0,4.0,1.0,0.0,4.0,4.0,41.666668,,,,,,,,31.0,0.0,0.722575,0.11328099999999999,0.6577149999999999,0.180176,0.9150530000000001,-0.41406899999999996,-0.111818,-0.02636,-0.033373,-0.012152,,,,,,,,,,,,,,,,,,,,,,,,,,,,,,,,,,,0.0,0.0,1.0,0.0,512.0,1.0,,,,,,,,,,,,,,,,,,,,,,,,,
44171,1645901697.962764,1645901698.009524,63.0,0.0,4347.179688,4781.538574,4263.077147999999,4212.307617,4276.410156,0.0,1.0,15.0,,,,0.0,4.0,1.0,0.0,4.0,4.0,41.666668,,,,,,,,,,,,,,,,,,,,,,,,,,,,,,,,,,,,,,,,,,,,,,,,,,,,,,,,,,,,,,,,,,,,,,,,,,,,,,,,,,,,
44172,1645901697.970578,1645901698.017339,64.0,0.0,4330.769043,4888.205078,4236.922852000001,4191.794922,4268.205078,450.0,1.0,15.0,,,,0.0,4.0,1.0,0.0,4.0,4.0,41.666668,,,,,,,,32.0,0.0,0.722515,0.11328099999999999,0.6577149999999999,0.18042,0.9243309999999999,-0.411627,-0.114748,-0.026849,-0.033405000000000004,-0.010204000000000001,,,,,,,,,,,,,,,,,,,,,,,,,,,,,,,,,,,,,,,,,,,,,,,,,,,,,,,,,,,,,,,,,
44173,1645901697.978392,1645901698.0252528,65.0,0.0,4334.358886999999,4972.820313,4210.769043,4119.487305,4257.94873,450.0,1.0,15.0,,,,0.0,4.0,1.0,0.0,4.0,4.0,41.666668,,,,,,,,,,,,,,,,,,,,,,,,,,,,,,,,,,,,,,,,,,,,,,,,,,,,,,,,,,,,,,,,,,,,,,,,,,,,,,,,,,,,
44174,1645901697.986205,1645901698.033068,66.0,0.0,4352.307617,4908.717772999999,4219.487305,4114.871582,4265.641113000001,16206.0,1.0,15.0,,,,0.0,4.0,1.0,0.0,4.0,4.0,41.666668,,,,,,,,33.0,0.0,0.722476,0.113525,0.6577149999999999,0.18042,0.9267719999999999,-0.409674,-0.104005,-0.027387,-0.033434,-0.011576999999999999,,,,,,,,,,,,,,,,,,,,,,,,,,,,,,,,,,,0.0,0.0,1.0,0.0,512.0,1.0,,,,,,,,,,,,,,,,,,,,,,,,,
44175,1645901697.994019,1645901698.040882,67.0,0.0,4342.563965,4772.307617,4236.410156,4129.230957,4258.461426,450.0,1.0,15.0,,,,0.0,4.0,1.0,0.0,4.0,4.0,41.666668,,,,,,,,,,,,,,,,,,,,,,,,,,,,,,,,,,,,,,,,,,,,,,,,,,,,,,,,,,,,,,,,,,,,,,,,,,,,,,,,,,,,
44176,1645901698.001833,1645901698.048697,68.0,0.0,4320.512695,4799.487305,4245.641113000001,4136.922852000001,4233.846191,139.0,1.0,15.0,,,,0.0,4.0,1.0,0.0,4.0,4.0,41.666668,,,,,,,,34.0,0.0,0.722515,0.11328099999999999,0.6577149999999999,0.18042,0.914076,-0.408698,-0.111818,-0.027822000000000003,-0.033460000000000004,-0.009833,,,,,,,,,,,,,,,,,,,,,,,,,,,,,,,,,,,,,,,,,,,,,,,,,,,,,,,,,,,,,,,,,
44177,1645901698.0096471,1645901698.0565119,69.0,0.0,4305.641113000001,4874.358886999999,4230.769043,4146.153809,4224.615234000001,450.0,1.0,15.0,,,,0.0,4.0,1.0,0.0,4.0,4.0,41.666668,,,,,,,,,,,,,,,,,,,,,,,,,,,,,,,,,,,,,,,,,,,,,,,,,,,,,,,,,,,,,,,,,,,,,,,,,,,,,,,,,,,,
44178,1645901698.0174599,1645901698.064326,70.0,0.0,4310.769043,4796.922852000001,4235.897461,4157.94873,4261.538574,0.0,1.0,15.0,,,,0.0,4.0,1.0,0.0,4.0,4.0,41.666668,,,,,,,,35.0,0.0,0.722515,0.11328099999999999,0.6577149999999999,0.18042,0.923842,-0.415045,-0.10693499999999999,-0.028214,-0.033434,-0.011438,1.0,0.0,0.0,,,,,,,,,,,,,,,,,,,,,,,,,,,,,,,,0.0,0.0,1.0,0.0,128.0,0.471739,103.423813,4.380311,3.131595,2.477427,5.567996,252.54422000000002,98.228607,32.707691,40.474953,26.033138,23.508688,22.67605,4.687228,4.6751190000000005,17.503323,3.934392,5.907247,9.053975,4.564849,4.561965,43.596354999999996,1.261867,2.126065,2.565076,5.5369720000000004
44179,1645901698.025274,1645901698.072141,71.0,0.0,4310.256348,4765.128418,4234.358886999999,4163.589844,4273.846191,450.0,1.0,15.0,,,,0.0,4.0,1.0,0.0,4.0,4.0,41.666668,,,,,,,,,,,,,,,,,,,,,,,,,,,,,,,,,,,,,,,,,,,,,,,,,,,,,,,,,,,,,,,,,,,,,,,,,,,,,,,,,,,,
44180,1645901698.033088,1645901698.079956,72.0,0.0,4309.230957,4875.384765999999,4220.512695,4157.436035,4249.743652,450.0,1.0,15.0,,,,0.0,4.0,1.0,0.0,4.0,4.0,41.666668,,,,,,,,36.0,0.0,0.722453,0.11328099999999999,0.6577149999999999,0.18066400000000002,0.9248190000000001,-0.409186,-0.1084,-0.028614999999999998,-0.033606,-0.012784,,,,,,,,,,,,,,,,,,,,,,,,,,,,,,,,,,,,,,,,,,,,,,,,,,,,,,,,,,,,,,,,,
44181,1645901698.040902,1645901698.08777,73.0,0.0,4329.743652,4941.025879,4222.563965,4128.205078,4250.256348,315.0,1.0,15.0,,,,0.0,4.0,1.0,0.0,4.0,4.0,41.666668,,,,,,,,,,,,,,,,,,,,,,,,,,,,,,,,,,,,,,,,,,,,,,,,,,,,,,,,,,,,,,,,,,,,,,,,,,,,,,,,,,,,
44182,1645901698.048715,1645901698.095685,74.0,0.0,4330.256348,4898.461426,4288.717772999999,4102.563965,4271.282227000001,450.0,1.0,15.0,,,,0.0,4.0,1.0,0.0,4.0,4.0,41.666668,,,,,,,,37.0,0.0,0.7222310000000001,0.11328099999999999,0.657959,0.18066400000000002,0.9267719999999999,-0.409674,-0.113771,-0.028879000000000002,-0.033615,-0.013947,,,,,,,,,,,,,,,,,,,,,,,,,,,,,,,,,,,0.0,0.0,1.0,0.0,128.0,0.471739,,,,,,,,,,,,,,,,,,,,,,,,,
44183,1645901698.0565288,1645901698.103499,75.0,0.0,4312.820313,4826.153809,4266.666504,4117.94873,4275.384765999999,16160.0,1.0,15.0,,,,0.0,4.0,1.0,0.0,4.0,4.0,41.666668,,,,,,,,,,,,,,,,,,,,,,,,,,,,,,,,,,,,,,,,,,,,,,,,,,,,,,,,,,,,,,,,,,,,,,,,,,,,,,,,,,,,
44184,1645901698.064343,1645901698.111314,76.0,0.0,4317.94873,4835.897461,4205.641113000001,4147.692383,4253.333496,450.0,1.0,15.0,,,,0.0,4.0,1.0,0.0,4.0,4.0,41.666668,,,,,,,,38.0,0.0,0.72217,0.11328099999999999,0.657959,0.18090799999999999,0.925795,-0.404303,-0.109865,-0.029213,-0.033525,-0.011967,,,,,,,,,,,,,,,,,,,,,,,,,,,,,,,,,,,,,,,,,,,,,,,,,,,,,,,,,,,,,,,,,
44185,1645901698.0721571,1645901698.119129,77.0,0.0,4318.974121,4901.025879,4185.128418,4161.025879,4246.153809,450.0,1.0,15.0,,,,0.0,4.0,1.0,0.0,4.0,4.0,41.666668,,,,,,,,,,,,,,,,,,,,,,,,,,,,,,,,,,,,,,,,,,,,,,,,,,,,,,,,,,,,,,,,,,,,,,,,,,,,,,,,,,,,
44186,1645901698.07997,1645901698.1269429,78.0,0.0,4297.94873,4861.025879,4238.974121,4151.282227000001,4249.743652,450.0,1.0,15.0,,,,0.0,4.0,1.0,0.0,4.0,4.0,41.666668,,,,,,,,39.0,0.0,0.722132,0.113525,0.657959,0.18090799999999999,0.914076,-0.407721,-0.104494,-0.029466000000000003,-0.033395,-0.013211,,,,,,,,,,,,,,,,,,,,,,,,,,,,,,,,,,,0.0,0.0,1.0,0.0,128.0,0.471739,,,,,,,,,,,,,,,,,,,,,,,,,
44187,1645901698.087784,1645901698.134758,79.0,0.0,4300.512695,4764.102539,4253.846191,4149.743652,4271.794922,16160.0,1.0,15.0,,,,0.0,4.0,1.0,0.0,4.0,4.0,41.666668,,,,,,,,,,,,,,,,,,,,,,,,,,,,,,,,,,,,,,,,,,,,,,,,,,,,,,,,,,,,,,,,,,,,,,,,,,,,,,,,,,,,
44188,1645901698.095598,1645901698.142573,80.0,0.0,4293.846191,4747.179688,4229.230957,4168.205078,4263.589844,450.0,1.0,15.0,,,,0.0,4.0,1.0,0.0,4.0,4.0,41.666668,,,,,,,,40.0,0.0,0.722193,0.113525,0.657959,0.18066400000000002,0.9131,-0.407233,-0.10498199999999999,-0.029742,-0.033474000000000004,-0.014234,,,,,,,,,,,,,,,,,,,,,,,,,,,,,,,,,,,,,,,,,,,,,,,,,,,,,,,,,,,,,,,,,
44189,1645901698.103412,1645901698.1503868,81.0,0.0,4295.384765999999,4721.538574,4203.077147999999,4158.974121,4252.820313,450.0,1.0,15.0,,,,0.0,4.0,1.0,0.0,4.0,4.0,41.666668,,,,,,,,,,,,,,,,,,,,,,,,,,,,,,,,,,,,,,,,,,,,,,,,,,,,,,,,,,,,,,,,,,,,,,,,,,,,,,,,,,,,
44190,1645901698.111225,1645901698.158202,82.0,0.0,4304.615234000001,4675.897461,4234.871582,4116.410156,4253.333496,450.0,1.0,15.0,,,,0.0,4.0,1.0,0.0,4.0,4.0,41.666668,,,,,,,,41.0,0.0,0.722132,0.113525,0.657959,0.18090799999999999,0.914565,-0.395514,-0.11230599999999999,-0.026817,-0.033398000000000004,-0.015300999999999999,,,,,,,,,,,,,,,,,,,,,,,,,,,,,,,,,,,0.0,0.0,1.0,0.0,128.0,0.471739,,,,,,,,,,,,,,,,,,,,,,,,,
44191,1645901698.119039,1645901698.166117,83.0,0.0,4320.0,4723.589844,4275.897461,4126.666504,4272.820313,16160.0,1.0,15.0,,,,0.0,4.0,1.0,0.0,4.0,4.0,41.666668,,,,,,,,,,,,,,,,,,,,,,,,,,,,,,,,,,,,,,,,,,,,,,,,,,,,,,,,,,,,,,,,,,,,,,,,,,,,,,,,,,,,
44192,1645901698.126853,1645901698.1739311,84.0,0.0,4315.897461,4737.436035,4244.102539,4172.307617,4288.717772999999,450.0,1.0,15.0,,,,0.0,4.0,1.0,0.0,4.0,4.0,41.666668,,,,,,,,42.0,0.0,0.722132,0.113525,0.657959,0.18090799999999999,0.9131,-0.400397,-0.111818,-0.027357999999999997,-0.033427,-0.016309999999999998,,,,,,,,,,,,,,,,,,,,,,,,,,,,,,,,,,,,,,,,,,,,,,,,,,,,,,,,,,,,,,,,,
44193,1645901698.134666,1645901698.181746,85.0,0.0,4332.820313,4715.384765999999,4213.846191,4200.512695,4286.666504,450.0,1.0,15.0,,,,0.0,4.0,1.0,0.0,4.0,4.0,41.666668,,,,,,,,,,,,,,,,,,,,,,,,,,,,,,,,,,,,,,,,,,,,,,,,,,,,,,,,,,,,,,,,,,,,,,,,,,,,,,,,,,,,
44194,1645901698.1424801,1645901698.18956,86.0,0.0,4353.846191,4731.794922,4224.102539,4188.717772999999,4280.512695,450.0,1.0,15.0,,,,0.0,4.0,1.0,0.0,4.0,4.0,41.666668,1.0,25.0,3.0,0.0,0.0,3.0,3.0,43.0,0.0,0.722132,0.113525,0.657959,0.18090799999999999,0.917494,-0.409674,-0.10254100000000001,-0.027747000000000004,-0.033405000000000004,-0.013946,1.0,0.0,0.0,,,,,,,,,,,,,,,,,,,,,,,,,,,,,,,,0.0,0.0,64.0,0.055361,1.0,0.0,26.298481,3.756885,2.877141,1.8544939999999999,3.9845089999999996,193.278381,76.94953199999999,26.230719,37.396609999999995,23.078201,25.478109,21.535524,4.046688,5.094942,13.264234,3.422162,6.20779,9.876953,4.15745,4.0235449999999995,12.880017,0.759316,2.2183490000000003,2.902854,4.355849
44195,1645901698.1502938,1645901698.197375,87.0,0.0,4327.692383,4698.974121,4266.153809,4178.974121,4291.282227000001,16160.0,1.0,15.0,,,,0.0,4.0,1.0,0.0,4.0,4.0,41.666668,,,,,,,,,,,,,,,,,,,,,,,,,,,,,,,,,,,,,,,,,,,,,,,,,,,,,,,,,,,,,,,,,,,,,,,,,,,,,,,,,,,,
44196,1645901698.158108,1645901698.20519,88.0,0.0,4296.410156,4653.333496,4260.512695,4165.128418,4291.794922,450.0,1.0,15.0,,,,0.0,4.0,1.0,0.0,4.0,4.0,41.666668,,,,,,,,44.0,0.0,0.72217,0.11328099999999999,0.657959,0.18090799999999999,0.923842,-0.412116,-0.099123,-0.028244,-0.033287,-0.014846999999999999,,,,,,,,,,,,,,,,,,,,,,,,,,,,,,,,,,,,,,,,,,,,,,,,,,,,,,,,,,,,,,,,,
44197,1645901698.1659212,1645901698.2130039,89.0,0.0,4311.794922,4709.743652,4292.307617,4149.743652,4269.743652,450.0,1.0,15.0,,,,0.0,4.0,1.0,0.0,4.0,4.0,41.666668,,,,,,,,,,,,,,,,,,,,,,,,,,,,,,,,,,,,,,,,,,,,,,,,,,,,,,,,,,,,,,,,,,,,,,,,,,,,,,,,,,,,
44198,1645901698.173735,1645901698.220819,90.0,0.0,4338.974121,4689.743652,4298.974121,4141.538574,4253.333496,450.0,1.0,15.0,,,,0.0,4.0,1.0,0.0,4.0,4.0,41.666668,,,,,,,,45.0,0.0,0.722132,0.113525,0.657959,0.18090799999999999,0.9131,-0.400397,-0.111818,-0.028642,-0.033327999999999997,-0.015901,,,,,,,,,,,,,,,,,,,,,,,,,,,,,,,,,,,0.0,0.0,64.0,0.055361,1.0,0.0,,,,,,,,,,,,,,,,,,,,,,,,,
44199,1645901698.181549,1645901698.228734,91.0,0.0,4330.769043,4597.436035,4261.538574,4144.615234000001,4254.358886999999,16160.0,1.0,15.0,,,,0.0,4.0,1.0,0.0,4.0,4.0,41.666668,,,,,,,,,,,,,,,,,,,,,,,,,,,,,,,,,,,,,,,,,,,,,,,,,,,,,,,,,,,,,,,,,,,,,,,,,,,,,,,,,,,,
44200,1645901698.189363,1645901698.236548,92.0,0.0,4328.205078,4640.0,4209.230957,4169.230957,4268.205078,450.0,1.0,15.0,,,,0.0,4.0,1.0,0.0,4.0,4.0,41.666668,,,,,,,,46.0,0.0,0.72217,0.11328099999999999,0.657959,0.18090799999999999,0.9282370000000001,-0.403326,-0.11084200000000001,-0.029098000000000002,-0.033413,-0.013725,,,,,,,,,,,,,,,,,,,,,,,,,,,,,,,,,,,,,,,,,,,,,,,,,,,,,,,,,,,,,,,,,
44201,1645901698.197176,1645901698.244363,93.0,0.0,4328.205078,4659.487305,4242.563965,4172.820313,4278.974121,450.0,1.0,15.0,,,,0.0,4.0,1.0,0.0,4.0,4.0,41.666668,,,,,,,,,,,,,,,,,,,,,,,,,,,,,,,,,,,,,,,,,,,,,,,,,,,,,,,,,,,,,,,,,,,,,,,,,,,,,,,,,,,,
44202,1645901698.2049901,1645901698.252178,94.0,0.0,4318.461426,4587.692383,4240.0,4182.563965,4284.102539,450.0,1.0,15.0,,,,0.0,4.0,1.0,0.0,4.0,4.0,41.666668,,,,,,,,47.0,0.0,0.72217,0.11328099999999999,0.657959,0.18090799999999999,0.917983,-0.407233,-0.105959,-0.029460000000000004,-0.033343,-0.014794,,,,,,,,,,,,,,,,,,,,,,,,,,,,,,,,,,,0.0,0.0,64.0,0.055361,1.0,0.0,,,,,,,,,,,,,,,,,,,,,,,,,
44203,1645901698.2128038,1645901698.259992,95.0,0.0,4321.538574,4623.589844,4191.282227000001,4203.077147999999,4266.666504,16160.0,1.0,15.0,,,,0.0,4.0,1.0,0.0,4.0,4.0,41.666668,,,,,,,,,,,,,,,,,,,,,,,,,,,,,,,,,,,,,,,,,,,,,,,,,,,,,,,,,,,,,,,,,,,,,,,,,,,,,,,,,,,,
