,Timestamp,OriginalTimestamp,EEG.Counter,EEG.Interpolated,EEG.AF3,EEG.T7,EEG.Pz,EEG.T8,EEG.AF4,EEG.RawCq,EEG.Battery,EEG.BatteryPercent,MarkerIndex,MarkerType,MarkerValueInt,EEG.MarkerHardware,CQ.AF3,CQ.T7,CQ.Pz,CQ.T8,CQ.AF4,CQ.Overall,EQ.SampleRateQuality,EQ.OVERALL,EQ.AF3,EQ.T7,EQ.Pz,EQ.T8,EQ.AF4,MOT.CounterMems,MOT.InterpolatedMems,MOT.Q0,MOT.Q1,MOT.Q2,MOT.Q3,MOT.AccX,MOT.AccY,MOT.AccZ,MOT.MagX,MOT.MagY,MOT.MagZ,MC.Action,MC.ActionPower,MC.IsActive,PM.Engagement.IsActive,PM.Engagement.Scaled,PM.Engagement.Raw,PM.Engagement.Min,PM.Engagement.Max,PM.Excitement.IsActive,PM.Excitement.Scaled,PM.Excitement.Raw,PM.Excitement.Min,PM.Excitement.Max,PM.LongTermExcitement,PM.Stress.IsActive,PM.Stress.Scaled,PM.Stress.Raw,PM.Stress.Min,PM.Stress.Max,PM.Relaxation.IsActive,PM.Relaxation.Scaled,PM.Relaxation.Raw,PM.Relaxation.Min,PM.Relaxation.Max,PM.Interest.IsActive,PM.Interest.Scaled,PM.Interest.Raw,PM.Interest.Min,PM.Interest.Max,PM.Focus.IsActive,PM.Focus.Scaled,PM.Focus.Raw,PM.Focus.Min,PM.Focus.Max,FE.BlinkWink,FE.HorizontalEyesDirection,FE.UpperFaceAction,FE.UpperFaceActionPower,FE.LowerFaceAction,FE.LowerFaceActionPower,POW.AF3.Theta,POW.AF3.Alpha,POW.AF3.BetaL,POW.AF3.BetaH,POW.AF3.Gamma,POW.T7.Theta,POW.T7.Alpha,POW.T7.BetaL,POW.T7.BetaH,POW.T7.Gamma,POW.Pz.Theta,POW.Pz.Alpha,POW.Pz.BetaL,POW.Pz.BetaH,POW.Pz.Gamma,POW.T8.Theta,POW.T8.Alpha,POW.T8.BetaL,POW.T8.BetaH,POW.T8.Gamma,POW.AF4.Theta,POW.AF4.Alpha,POW.AF4.BetaL,POW.AF4.BetaH,POW.AF4.Gamma
15910,1650412996.2678142,1650412996.2679949,109.0,0.0,4236.922852000001,4402.05127,4272.307617,4278.974121,4258.974121,450.0,4.0,77.0,17.0,1.0,7.0,0.0,4.0,0.0,2.0,0.0,4.0,16.666666,,,,,,,,,,,,,,,,,,,,,,,,,,,,,,,,,,,,,,,,,,,,,,,,,,,,,,10.0,0.0,1.0,0.0,512.0,1.0,,,,,,,,,,,,,,,,,,,,,,,,,
15911,1650412996.2756279,1650412996.275709,110.0,0.0,4218.974121,4402.563965,4243.077147999999,4278.974121,4227.692383,450.0,4.0,77.0,,,,0.0,4.0,0.0,2.0,0.0,4.0,16.666666,,,,,,,,55.0,0.0,0.264852,-0.416504,0.516846,0.6994630000000001,0.8750129999999999,-0.5078199999999999,-0.11133,-0.044225,-0.058301,-0.016837,,,,,,,,,,,,,,,,,,,,,,,,,,,,,,,,,,,,,,,,,,,,,,,,,,,,,,,,,,,,,,,,,
15912,1650412996.283443,1650412996.283524,111.0,0.0,4198.461426,4473.846191,4226.666504,4278.974121,4213.333496,16205.0,4.0,77.0,,,,0.0,4.0,0.0,2.0,0.0,4.0,16.666666,,,,,,,,,,,,,,,,,,,,,,,,,,,,,,,,,,,,,,,,,,,,,,,,,,,,,,,,,,,,,,,,,,,,,,,,,,,,,,,,,,,,
15913,1650412996.291258,1650412996.291239,112.0,0.0,4197.436035,4442.563965,4244.102539,4279.487305,4225.128418,450.0,4.0,77.0,,,,0.0,4.0,0.0,2.0,0.0,4.0,16.666666,,,,,,,,56.0,0.0,0.26429899999999995,-0.41674799999999995,0.516602,0.699707,0.8574350000000001,-0.500984,-0.10888800000000001,-0.044149,-0.058330999999999994,-0.015056,,,,,,,,,,,,,,,,,,,,,,,,,,,,,,,,,,,,,,,,,,,,,,,,,,,,,,,,,,,,,,,,,
15914,1650412996.299072,1650412996.299053,113.0,0.0,4210.769043,4377.436035,4251.282227000001,4278.974121,4222.05127,450.0,4.0,77.0,,,,0.0,4.0,0.0,2.0,0.0,4.0,16.666666,,,,,,,,,,,,,,,,,,,,,,,,,,,,,,,,,,,,,,,,,,,,,,,,,,,,,,0.0,0.0,1.0,0.0,512.0,1.0,,,,,,,,,,,,,,,,,,,,,,,,,
15915,1650412996.306887,1650412996.306768,114.0,0.0,4232.307617,4412.307617,4248.205078,4278.974121,4224.102539,450.0,4.0,77.0,,,,0.0,4.0,0.0,2.0,0.0,4.0,16.666666,,,,,,,,57.0,0.0,0.264776,-0.41674799999999995,0.516357,0.699707,0.863783,-0.51368,-0.10351700000000001,-0.044177,-0.05826,-0.013355,,,,,,,,,,,,,,,,,,,,,,,,,,,,,,,,,,,,,,,,,,,,,,,,,,,,,,,,,,,,,,,,,
15916,1650412996.314701,1650412996.314683,115.0,0.0,4232.820313,4482.563965,4246.153809,4279.487305,4236.922852000001,16205.0,4.0,77.0,,,,0.0,4.0,0.0,2.0,0.0,4.0,16.666666,,,,,,,,,,,,,,,,,,,,,,,,,,,,,,,,,,,,,,,,,,,,,,,,,,,,,,,,,,,,,,,,,,,,,,,,,,,,,,,,,,,,
15917,1650412996.322516,1650412996.3224971,116.0,0.0,4204.102539,4489.743652,4251.794922,4276.922852000001,4217.94873,450.0,4.0,77.0,,,,0.0,4.0,0.0,2.0,0.0,4.0,16.666666,,,,,,,,58.0,0.0,0.26563400000000004,-0.416504,0.516113,0.699707,0.863783,-0.49707799999999996,-0.10888800000000001,-0.044203,-0.058195000000000004,-0.014949,,,,,,,,,,,,,,,,,,,,,,,,,,,,,,,,,,,,,,,,,,,,,,,,,,,,,,,,,,,,,,,,,
15918,1650412996.3303301,1650412996.330412,117.0,0.0,4196.410156,4434.358886999999,4262.563965,4271.794922,4192.820313,450.0,4.0,77.0,,,,0.0,4.0,0.0,2.0,0.0,4.0,16.666666,,,,,,,,,,,,,,,,,,,,,,,,,,,,,,,,,,,,,,,,,,,,,,,,,,,,,,0.0,0.0,1.0,0.0,512.0,1.0,,,,,,,,,,,,,,,,,,,,,,,,,
15919,1650412996.338145,1650412996.338227,118.0,0.0,4216.922852000001,4400.0,4256.922852000001,4271.282227000001,4206.666504,450.0,4.0,77.0,,,,0.0,4.0,0.0,2.0,0.0,4.0,16.666666,,,,,,,,59.0,0.0,0.26563400000000004,-0.416504,0.516113,0.699707,0.8569469999999999,-0.515633,-0.125002,-0.044177,-0.058138,-0.013259,,,,,,,,,,,,,,,,,,,,,,,,,,,,,,,,,,,,,,,,,,,,,,,,,,,,,,,,,,,,,,,,,
15920,1650412996.34596,1650412996.346041,119.0,0.0,4218.461426,4415.897461,4249.230957,4272.307617,4223.077147999999,16205.0,4.0,77.0,,,,0.0,4.0,0.0,2.0,0.0,4.0,16.666666,,,,,,,,,,,,,,,,,,,,,,,,,,,,,,,,,,,,,,,,,,,,,,,,,,,,,,,,,,,,,,,,,,,,,,,,,,,,,,,,,,,,
15921,1650412996.353774,1650412996.353756,120.0,0.0,4198.461426,4411.794922,4268.205078,4271.282227000001,4205.641113000001,450.0,4.0,77.0,,,,0.0,4.0,0.0,2.0,0.0,4.0,16.666666,,,,,,,,60.0,0.0,0.265925,-0.416016,0.516357,0.699707,0.8676889999999999,-0.504402,-0.132326,-0.044252,-0.058135,-0.014863,,,,,,,,,,,,,,,,,,,,,,,,,,,,,,,,,,,,,,,,,,,,,,,,,,,,,,,,,,,,,,,,,
15922,1650412996.361589,1650412996.361571,121.0,0.0,4196.922852000001,4402.05127,4267.692383,4274.358886999999,4193.846191,450.0,4.0,77.0,,,,0.0,4.0,0.0,2.0,0.0,4.0,16.666666,,,,,,,,,,,,,,,,,,,,1.0,0.0,0.0,,,,,,,,,,,,,,,,,,,,,,,,,,,,,,,,0.0,0.0,1.0,0.0,512.0,1.0,11.330876,4.260562999999999,3.884635,0.890482,0.936883,78.66595500000001,41.05381,27.834488,23.484632,17.100123999999997,1.016002,1.5868280000000001,0.923459,0.7230260000000001,1.449902,0.005224,0.005357,0.003961999999999999,0.0035369999999999998,0.002781,8.635261999999999,2.69956,3.765369,2.664857,0.848851
15923,1650412996.369403,1650412996.3692849,122.0,0.0,4226.666504,4388.717772999999,4251.794922,4280.0,4221.025879,450.0,4.0,77.0,,,,0.0,4.0,0.0,2.0,0.0,4.0,16.666666,,,,,,,,61.0,0.0,0.266,-0.415771,0.516846,0.6994630000000001,0.861341,-0.5039140000000001,-0.122072,-0.044220999999999996,-0.058181,-0.016355,,,,,,,,,,,,,,,,,,,,,,,,,,,,,,,,,,,,,,,,,,,,,,,,,,,,,,,,,,,,,,,,,
15924,1650412996.377218,1650412996.3772,123.0,0.0,4244.102539,4378.974121,4256.922852000001,4280.0,4241.538574,16205.0,4.0,77.0,,,,0.0,4.0,0.0,2.0,0.0,4.0,16.666666,,,,,,,,,,,,,,,,,,,,,,,,,,,,,,,,,,,,,,,,,,,,,,,,,,,,,,,,,,,,,,,,,,,,,,,,,,,,,,,,,,,,
15925,1650412996.385033,1650412996.385015,124.0,0.0,4214.358886999999,4375.384765999999,4242.563965,4277.436035,4222.05127,450.0,4.0,77.0,,,,0.0,4.0,0.0,2.0,0.0,4.0,16.666666,,,,,,,,62.0,0.0,0.266289,-0.415283,0.5170899999999999,0.6994630000000001,0.8481569999999999,-0.509285,-0.136721,-0.044194,-0.058173,-0.017747,,,,,,,,,,,,,,,,,,,,,,,,,,,,,,,,,,,,,,,,,,,,,,,,,,,,,,,,,,,,,,,,,
15926,1650412996.392847,1650412996.392829,125.0,0.0,4190.769043,4340.512695,4234.358886999999,4277.94873,4209.743652,450.0,4.0,77.0,,,,0.0,4.0,0.0,2.0,0.0,4.0,16.666666,,,,,,,,,,,,,,,,,,,,,,,,,,,,,,,,,,,,,,,,,,,,,,,,,,,,,,0.0,0.0,1.0,0.0,512.0,1.0,,,,,,,,,,,,,,,,,,,,,,,,,
15927,1650412996.400662,1650412996.400544,126.0,0.0,4203.077147999999,4319.487305,4253.333496,4279.487305,4214.871582,450.0,4.0,77.0,,,,0.0,4.0,0.0,2.0,0.0,4.0,16.666666,,,,,,,,63.0,0.0,0.266362,-0.41503900000000005,0.517578,0.6992189999999999,0.871107,-0.520516,-0.129885,-0.044169,-0.058214999999999996,-0.015826,,,,,,,,,,,,,,,,,,,,,,,,,,,,,,,,,,,,,,,,,,,,,,,,,,,,,,,,,,,,,,,,,
15928,1650412996.408477,1650412996.408359,127.0,0.0,4200.512695,4351.282227000001,4250.769043,4278.974121,4210.769043,239.0,4.0,77.0,,,,0.0,4.0,0.0,2.0,0.0,4.0,16.666666,,,,,,,,,,,,,,,,,,,,,,,,,,,,,,,,,,,,,,,,,,,,,,,,,,,,,,,,,,,,,,,,,,,,,,,,,,,,,,,,,,,,
15929,1650412996.416291,1650412996.416073,0.0,0.0,4200.0,4372.820313,4241.538574,4277.94873,4222.563965,450.0,4.0,77.0,,,,0.0,4.0,0.0,2.0,0.0,4.0,16.666666,,,,,,,,0.0,0.0,0.26605300000000004,-0.41503900000000005,0.518066,0.698975,0.864759,-0.5024489999999999,-0.121584,-0.044147000000000006,-0.058204,-0.017222,,,,,,,,,,,,,,,,,,,,,,,,,,,,,,,,,,,,,,,,,,,,,,,,,,,,,,,,,,,,,,,,,
15930,1650412996.4241061,1650412996.423888,1.0,0.0,4231.282227000001,4342.05127,4248.717772999999,4277.94873,4247.179688,450.0,4.0,77.0,,,,0.0,4.0,0.0,2.0,0.0,4.0,16.666666,,,,,,,,,,,,,,,,,,,,,,,,,,,,,,,,,,,,,,,,,,,,,,,,,,,,,,0.0,0.0,1.0,0.0,512.0,1.0,,,,,,,,,,,,,,,,,,,,,,,,,
15931,1650412996.4319198,1650412996.431603,2.0,0.0,4251.794922,4317.94873,4250.769043,4277.94873,4243.077147999999,16212.0,4.0,77.0,,,,0.0,4.0,0.0,2.0,0.0,4.0,16.666666,,,,,,,,1.0,0.0,0.266313,-0.415283,0.518066,0.6987300000000001,0.8574350000000001,-0.497566,-0.111818,-0.044126,-0.058195000000000004,-0.018527000000000002,,,,,,,,,,,,,,,,,,,,,,,,,,,,,,,,,,,,,,,,,,,,,,,,,,,,,,,,,,,,,,,,,
15932,1650412996.439735,1650412996.439517,3.0,0.0,4247.179688,4312.820313,4252.820313,4280.0,4227.179688,450.0,4.0,77.0,,,,0.0,4.0,0.0,2.0,0.0,4.0,16.666666,,,,,,,,,,,,,,,,,,,,,,,,,,,,,,,,,,,,,,,,,,,,,,,,,,,,,,,,,,,,,,,,,,,,,,,,,,,,,,,,,,,,
15933,1650412996.44755,1650412996.4473321,4.0,0.0,4247.692383,4314.358886999999,4257.94873,4279.487305,4233.846191,3.0,4.0,77.0,,,,0.0,4.0,0.0,2.0,0.0,4.0,16.666666,,,,,,,,2.0,0.0,0.265932,-0.41552700000000004,0.518066,0.6987300000000001,0.866224,-0.49903100000000006,-0.11084200000000001,-0.044157,-0.058088,-0.019653,,,,,,,,,,,,,,,,,,,,,,,,,,,,,,,,,,,,,,,,,,,,,,,,,,,,,,,,,,,,,,,,,
15934,1650412996.455364,1650412996.4552462,5.0,0.0,4241.025879,4331.282227000001,4246.666504,4274.871582,4238.461426,450.0,4.0,77.0,,,,0.0,4.0,0.0,2.0,0.0,4.0,16.666666,,,,,,,,,,,,,,,,,,,,,,,,,,,,,,,,,,,,,,,,,,,,,,,,,,,,,,0.0,0.0,1.0,0.0,512.0,1.0,,,,,,,,,,,,,,,,,,,,,,,,,
15935,1650412996.4631789,1650412996.4630609,6.0,0.0,4227.179688,4339.487305,4249.743652,4274.871582,4237.436035,216.0,4.0,77.0,,,,0.0,4.0,0.0,2.0,0.0,4.0,16.666666,,,,,,,,3.0,0.0,0.26602600000000004,-0.415771,0.517822,0.6987300000000001,0.8618299999999999,-0.5024489999999999,-0.10693499999999999,-0.044136,-0.058236,-0.017491999999999997,,,,,,,,,,,,,,,,,,,,,,,,,,,,,,,,,,,,,,,,,,,,,,,,,,,,,,,,,,,,,,,,,
15936,1650412996.470993,1650412996.470776,7.0,0.0,4232.820313,4335.384765999999,4261.538574,4279.487305,4250.769043,450.0,4.0,77.0,,,,0.0,4.0,0.0,2.0,0.0,4.0,16.666666,,,,,,,,,,,,,,,,,,,,,,,,,,,,,,,,,,,,,,,,,,,,,,,,,,,,,,,,,,,,,,,,,,,,,,,,,,,,,,,,,,,,
15937,1650412996.478808,1650412996.478591,8.0,0.0,4250.769043,4300.512695,4246.153809,4280.0,4253.846191,450.0,4.0,77.0,,,,0.0,4.0,0.0,2.0,0.0,4.0,16.666666,,,,,,,,4.0,0.0,0.265571,-0.41626,0.517334,0.698975,0.871107,-0.49659,-0.10498199999999999,-0.044215,-0.058175,-0.018722,,,,,,,,,,,,,,,,,,,,,,,,,,,,,,,,,,,,,,,,,,,,,,,,,,,,,,,,,,,,,,,,,
15938,1650412996.486623,1650412996.486305,9.0,0.0,4255.897461,4239.487305,4240.0,4277.94873,4248.717772999999,0.0,4.0,77.0,,,,0.0,4.0,0.0,2.0,0.0,4.0,16.666666,1.0,16.666666,4.0,0.0,2.0,0.0,4.0,,,,,,,,,,,,,1.0,0.0,0.0,,,,,,,,,,,,,,,,,,,,,,,,,,,,,,,,0.0,0.0,1.0,0.0,512.0,1.0,14.952243,5.233441,3.2177130000000003,1.018458,0.9333969999999999,67.069496,41.772971999999996,23.96497,20.474111999999998,16.769314,0.9370780000000001,1.586367,1.092039,0.713266,1.4785270000000001,0.005779,0.006794,0.005019,0.0035979999999999996,0.00286,10.585628999999999,3.411164,3.372669,2.96144,0.8654280000000001
15939,1650412996.494437,1650412996.49412,10.0,0.0,4251.282227000001,4232.307617,4256.410156,4279.487305,4269.743652,450.0,4.0,77.0,,,,0.0,4.0,0.0,2.0,0.0,4.0,16.666666,,,,,,,,5.0,0.0,0.265404,-0.41626,0.5170899999999999,0.6992189999999999,0.874525,-0.49903100000000006,-0.10693499999999999,-0.044139,-0.058070000000000004,-0.016654,,,,,,,,,,,,,,,,,,,,,,,,,,,,,,,,,,,,,,,,,,,,,,,,,,,,,,,,,,,,,,,,,
15940,1650412996.5022519,1650412996.5018349,11.0,0.0,4253.846191,4266.153809,4264.102539,4280.0,4291.282227000001,16218.0,4.0,77.0,,,,0.0,4.0,0.0,2.0,0.0,4.0,16.666666,,,,,,,,,,,,,,,,,,,,,,,,,,,,,,,,,,,,,,,,,,,,,,,,,,,,,,,,,,,,,,,,,,,,,,,,,,,,,,,,,,,,
15941,1650412996.510066,1650412996.509649,12.0,0.0,4252.820313,4321.025879,4254.871582,4277.436035,4276.410156,450.0,4.0,77.0,,,,0.0,4.0,0.0,2.0,0.0,4.0,16.666666,,,,,,,,6.0,0.0,0.264759,-0.41626,0.5170899999999999,0.6994630000000001,0.8608530000000001,-0.526375,-0.12060699999999999,-0.044217,-0.058025,-0.018065,,,,,,,,,,,,,,,,,,,,,,,,,,,,,,,,,,,,,,,,,,,,,,,,,,,,,,,,,,,,,,,,,
15942,1650412996.5178812,1650412996.517364,13.0,0.0,4243.589844,4361.025879,4251.282227000001,4277.94873,4254.358886999999,450.0,4.0,77.0,,,,0.0,4.0,0.0,2.0,0.0,4.0,16.666666,,,,,,,,,,,,,,,,,,,,,,,,,,,,,,,,,,,,,,,,,,,,,,,,,,,,,,0.0,0.0,1.0,0.0,512.0,1.0,,,,,,,,,,,,,,,,,,,,,,,,,
15943,1650412996.525696,1650412996.525179,14.0,0.0,4240.0,4312.307617,4255.384765999999,4280.0,4252.820313,450.0,4.0,77.0,,,,0.0,4.0,0.0,2.0,0.0,4.0,16.666666,,,,,,,,7.0,0.0,0.264498,-0.416016,0.5170899999999999,0.699707,0.8589,-0.523934,-0.11230599999999999,-0.04419,-0.058033,-0.019139,,,,,,,,,,,,,,,,,,,,,,,,,,,,,,,,,,,,,,,,,,,,,,,,,,,,,,,,,,,,,,,,,
15944,1650412996.53351,1650412996.532893,15.0,0.0,4236.410156,4274.871582,4252.307617,4279.487305,4244.615234000001,16218.0,4.0,77.0,,,,0.0,4.0,0.0,2.0,0.0,4.0,16.666666,,,,,,,,,,,,,,,,,,,,,,,,,,,,,,,,,,,,,,,,,,,,,,,,,,,,,,,,,,,,,,,,,,,,,,,,,,,,,,,,,,,,
15945,1650412996.541325,1650412996.540708,16.0,0.0,4222.05127,4322.563965,4254.871582,4279.487305,4233.846191,0.0,4.0,77.0,,,,0.0,4.0,0.0,2.0,0.0,4.0,16.666666,,,,,,,,8.0,0.0,0.26402,-0.416016,0.517334,0.699707,0.8608530000000001,-0.522957,-0.11914200000000001,-0.044312,-0.058187,-0.020106,,,,,,,,,,,,,,,,,,,,,,,,,,,,,,,,,,,,,,,,,,,,,,,,,,,,,,,,,,,,,,,,,
15946,1650412996.549139,1650412996.548423,17.0,0.0,4221.025879,4318.461426,4255.897461,4280.0,4272.307617,0.0,4.0,77.0,,,,0.0,4.0,0.0,2.0,0.0,4.0,16.666666,,,,,,,,,,,,,,,,,,,,,,,,,,,,,,,,,,,,,,,,,,,,,,,,,,,,,,0.0,0.0,1.0,0.0,512.0,1.0,,,,,,,,,,,,,,,,,,,,,,,,,
15947,1650412996.556954,1650412996.5562382,18.0,0.0,4252.307617,4276.410156,4258.974121,4280.512695,4343.077147999999,0.0,4.0,77.0,,,,0.0,4.0,0.0,2.0,0.0,4.0,16.666666,,,,,,,,9.0,0.0,0.264573,-0.415771,0.517578,0.6994630000000001,0.8525520000000001,-0.523934,-0.11425999999999999,-0.044325,-0.058276,-0.021025,,,,,,,,,,,,,,,,,,,,,,,,,,,,,,,,,,,,,,,,,,,,,,,,,,,,,,,,,,,,,,,,,
15948,1650412996.564769,1650412996.563952,19.0,0.0,4293.333496,4325.641113000001,4272.820313,4280.0,4368.717772999999,0.0,4.0,77.0,,,,0.0,4.0,0.0,2.0,0.0,4.0,16.666666,,,,,,,,,,,,,,,,,,,,,,,,,,,,,,,,,,,,,,,,,,,,,,,,,,,,,,,,,,,,,,,,,,,,,,,,,,,,,,,,,,,,
15949,1650412996.572583,1650412996.571867,20.0,0.0,4340.0,4353.846191,4282.563965,4280.0,4386.153809,0.0,4.0,77.0,,,,0.0,4.0,0.0,2.0,0.0,4.0,16.666666,,,,,,,,10.0,0.0,0.264813,-0.41552700000000004,0.518311,0.698975,0.8574350000000001,-0.521004,-0.123537,-0.044287,-0.058357000000000006,-0.021901,,,,,,,,,,,,,,,,,,,,,,,,,,,,,,,,,,,,,,,,,,,,,,,,,,,,,,,,,,,,,,,,,
15950,1650412996.580398,1650412996.5796812,21.0,0.0,4426.666504,4307.692383,4275.897461,4281.025879,4500.0,0.0,4.0,77.0,,,,0.0,4.0,0.0,2.0,0.0,4.0,16.666666,,,,,,,,,,,,,,,,,,,,,,,,,,,,,,,,,,,,,,,,,,,,,,,,,,,,,,0.0,0.0,1.0,0.0,512.0,1.0,,,,,,,,,,,,,,,,,,,,,,,,,
15951,1650412996.588213,1650412996.587496,22.0,0.0,4537.436035,4310.256348,4252.307617,4281.025879,4620.0,0.0,4.0,77.0,,,,0.0,4.0,0.0,2.0,0.0,4.0,16.666666,,,,,,,,11.0,0.0,0.264788,-0.41503900000000005,0.519043,0.6987300000000001,0.8559700000000001,-0.526864,-0.12549000000000002,-0.04435,-0.058380999999999995,-0.022640999999999998,,,,,,,,,,,,,,,,,,,,,,,,,,,,,,,,,,,,,,,,,,,,,,,,,,,,,,,,,,,,,,,,,
15952,1650412996.596027,1650412996.595211,23.0,0.0,4643.077147999999,4347.179688,4248.717772999999,4282.05127,4651.282227000001,0.0,4.0,77.0,,,,0.0,4.0,0.0,2.0,0.0,4.0,16.666666,,,,,,,,,,,,,,,,,,,,,,,,,,,,,,,,,,,,,,,,,,,,,,,,,,,,,,,,,,,,,,,,,,,,,,,,,,,,,,,,,,,,
15953,1650412996.603842,1650412996.603125,24.0,0.0,4768.717772999999,4357.94873,4261.025879,4285.128418,4751.794922,0.0,4.0,77.0,,,,0.0,4.0,0.0,2.0,0.0,4.0,16.666666,,,,,,,,12.0,0.0,0.264573,-0.415771,0.517578,0.6994630000000001,0.8525520000000001,-0.523934,-0.11425999999999999,-0.044358999999999996,-0.058450999999999996,-0.023306999999999998,,,,,,,,,,,,,,,,,,,,,,,,,,,,,,,,,,,,,,,,,,,,,,,,,,,,,,,,,,,,,,,,,
15954,1650412996.611656,1650412996.61094,25.0,0.0,4846.153809,4335.897461,4260.0,4286.666504,4943.077147999999,0.0,4.0,77.0,,,,0.0,4.0,0.0,2.0,0.0,4.0,16.666666,,,,,,,,,,,,,,,,,,,,1.0,0.0,0.0,,,,,,,,,,,,,,,,,,,,,,,,,,,,,,,,0.0,0.0,1.0,0.0,512.0,1.0,21.54211,6.420922,2.567685,1.101553,0.9408700000000001,54.532222999999995,42.190692999999996,20.508219,17.494808,16.283182,0.876402,1.610219,1.293988,0.7664569999999999,1.498256,0.007495,0.009008,0.006108,0.003958,0.0030600000000000002,14.142951,4.1302650000000005,3.079072,3.059354,0.9182620000000001
15955,1650412996.619471,1650412996.618855,26.0,0.0,4834.871582,4290.769043,4268.717772999999,4286.153809,5056.410156,0.0,4.0,77.0,,,,0.0,4.0,0.0,2.0,0.0,4.0,16.666666,,,,,,,,13.0,0.0,0.2655,-0.41479499999999997,0.5195310000000001,0.698242,0.8750129999999999,-0.511727,-0.112795,-0.044269,-0.058514,-0.02083,,,,,,,,,,,,,,,,,,,,,,,,,,,,,,,,,,,,,,,,,,,,,,,,,,,,,,,,,,,,,,,,,
15956,1650412996.627286,1650412996.626669,27.0,0.0,4861.025879,4301.025879,4281.538574,4287.179688,5157.436035,0.0,4.0,77.0,,,,0.0,4.0,0.0,2.0,0.0,4.0,16.666666,,,,,,,,,,,,,,,,,,,,,,,,,,,,,,,,,,,,,,,,,,,,,,,,,,,,,,,,,,,,,,,,,,,,,,,,,,,,,,,,,,,,
15957,1650412996.6351,1650412996.634584,28.0,0.0,4918.974121,4285.128418,4274.358886999999,4288.717772999999,5309.230957,0.0,4.0,77.0,,,,0.0,4.0,0.0,2.0,0.0,4.0,16.666666,,,,,,,,14.0,0.0,0.265567,-0.414551,0.5200199999999999,0.697998,0.882338,-0.492683,-0.11767799999999999,-0.044236000000000004,-0.058620000000000005,-0.021725,,,,,,,,,,,,,,,,,,,,,,,,,,,,,,,,,,,,,,,,,,,,,,,,,,,,,,,,,,,,,,,,,
15958,1650412996.642915,1650412996.642398,29.0,0.0,4891.794922,4016.923096,4275.897461,4287.692383,5405.128418,0.0,4.0,77.0,,,,0.0,4.0,0.0,2.0,0.0,4.0,16.666666,,,,,,,,,,,,,,,,,,,,,,,,,,,,,,,,,,,,,,,,,,,,,,,,,,,,,,0.0,0.0,1.0,0.0,512.0,1.0,,,,,,,,,,,,,,,,,,,,,,,,,
15959,1650412996.650729,1650412996.6503131,30.0,0.0,4882.05127,3602.0512700000004,4283.589844,4287.692383,5524.615234000001,0.0,4.0,77.0,,,,0.0,4.0,0.0,2.0,0.0,4.0,16.666666,,,,,,,,15.0,0.0,0.265252,-0.414551,0.520508,0.697754,0.874525,-0.48340600000000006,-0.10254100000000001,-0.044256000000000004,-0.058665999999999996,-0.022531,,,,,,,,,,,,,,,,,,,,,,,,,,,,,,,,,,,,,,,,,,,,,,,,,,,,,,,,,,,,,,,,,
15960,1650412996.658544,1650412996.658128,31.0,0.0,4940.0,2985.6411129999997,4261.538574,4290.769043,5707.179688,0.0,4.0,77.0,,,,0.0,4.0,0.0,2.0,0.0,4.0,16.666666,,,,,,,,,,,,,,,,,,,,,,,,,,,,,,,,,,,,,,,,,,,,,,,,,,,,,,,,,,,,,,,,,,,,,,,,,,,,,,,,,,,,
15961,1650412996.666359,1650412996.666042,32.0,0.0,4955.384765999999,1845.128174,4271.282227000001,4293.333496,5788.205078,0.0,4.0,77.0,,,,0.0,4.0,0.0,2.0,0.0,4.0,16.666666,,,,,,,,16.0,0.0,0.265252,-0.414551,0.520508,0.697754,0.879408,-0.496101,-0.12255999999999999,-0.044372,-0.05861,-0.020132,,,,,,,,,,,,,,,,,,,,,,,,,,,,,,,,,,,,,,,,,,,,,,,,,,,,,,,,,,,,,,,,,
15962,1650412996.674173,1650412996.673857,33.0,0.0,4970.256348,790.769226,4324.102539,4294.358886999999,5798.461426,0.0,4.0,77.0,,,,0.0,4.0,0.0,2.0,0.0,4.0,16.666666,,,,,,,,,,,,,,,,,,,,,,,,,,,,,,,,,,,,,,,,,,,,,,,,,,,,,,0.0,0.0,1.0,0.0,512.0,1.0,,,,,,,,,,,,,,,,,,,,,,,,,
15963,1650412996.681988,1650412996.681572,34.0,0.0,5008.205078,595.3846440000001,4314.358886999999,4296.410156,5822.563965,0.0,4.0,77.0,,,,0.0,4.0,0.0,2.0,0.0,4.0,16.666666,,,,,,,,17.0,0.0,0.264226,-0.41479499999999997,0.520508,0.697998,0.863783,-0.49170699999999995,-0.113283,-0.044329,-0.058658,-0.017972,,,,,,,,,,,,,,,,,,,,,,,,,,,,,,,,,,,,,,,,,,,,,,,,,,,,,,,,,,,,,,,,,
15964,1650412996.689802,1650412996.689386,35.0,0.0,4999.487305,788.2051389999999,4276.922852000001,4296.922852000001,5814.358886999999,0.0,4.0,77.0,,,,0.0,4.0,0.0,2.0,0.0,4.0,16.666666,,,,,,,,,,,,,,,,,,,,,,,,,,,,,,,,,,,,,,,,,,,,,,,,,,,,,,,,,,,,,,,,,,,,,,,,,,,,,,,,,,,,
15965,1650412996.697617,1650412996.6971009,36.0,0.0,5007.179688,756.4102780000001,4283.589844,4295.384765999999,5822.563965,0.0,4.0,77.0,,,,0.0,4.0,0.0,2.0,0.0,4.0,16.666666,,,,,,,,18.0,0.0,0.26415900000000003,-0.41503900000000005,0.5200199999999999,0.698242,0.8808729999999999,-0.48340600000000006,-0.112795,-0.04434,-0.058651,-0.019104,,,,,,,,,,,,,,,,,,,,,,,,,,,,,,,,,,,,,,,,,,,,,,,,,,,,,,,,,,,,,,,,,
15966,1650412996.705432,1650412996.704916,37.0,0.0,5081.025879,723.5897219999999,4286.153809,4295.897461,5860.0,0.0,4.0,77.0,,,,0.0,4.0,0.0,2.0,0.0,4.0,16.666666,,,,,,,,,,,,,,,,,,,,,,,,,,,,,,,,,,,,,,,,,,,,,,,,,,,,,,0.0,0.0,1.0,0.0,512.0,1.0,,,,,,,,,,,,,,,,,,,,,,,,,
15967,1650412996.713246,1650412996.71263,38.0,0.0,5163.589844,810.769226,4275.897461,4298.461426,5850.256348,0.0,4.0,77.0,,,,0.0,4.0,0.0,2.0,0.0,4.0,16.666666,,,,,,,,19.0,0.0,0.263707,-0.41552700000000004,0.5195310000000001,0.6984859999999999,0.8881969999999999,-0.48926499999999995,-0.1084,-0.0443,-0.058646000000000004,-0.017096,,,,,,,,,,,,,,,,,,,,,,,,,,,,,,,,,,,,,,,,,,,,,,,,,,,,,,,,,,,,,,,,,
15968,1650412996.721061,1650412996.7205448,39.0,0.0,5271.794922,822.05127,4283.589844,4300.512695,5880.0,0.0,4.0,77.0,,,,0.0,4.0,0.0,2.0,0.0,4.0,16.666666,,,,,,,,,,,,,,,,,,,,,,,,,,,,,,,,,,,,,,,,,,,,,,,,,,,,,,,,,,,,,,,,,,,,,,,,,,,,,,,,,,,,
15969,1650412996.728875,1650412996.72836,40.0,0.0,5387.179688,814.358948,4296.410156,4303.077147999999,5961.025879,0.0,4.0,77.0,,,,0.0,4.0,0.0,2.0,0.0,4.0,16.666666,,,,,,,,20.0,0.0,0.263251,-0.416016,0.519043,0.6987300000000001,0.8525520000000001,-0.510262,-0.11572400000000001,-0.044216000000000005,-0.058543,-0.018316,,,,,,,,,,,,,,,,,,,,,,,,,,,,,,,,,,,,,,,,,,,,,,,,,,,,,,,,,,,,,,,,,
15970,1650412996.73669,1650412996.736274,41.0,0.0,5381.538574,819.487183,4305.641113000001,4304.102539,5976.410156,0.0,4.0,77.0,,,,0.0,4.0,0.0,2.0,0.0,4.0,16.666666,,,,,,,,,,,,,,,,,,,,1.0,0.0,0.0,,,,,,,,,,,,,,,,,,,,,,,,,,,,,,,,0.0,0.0,1.0,0.0,512.0,1.0,30.699514,7.478675999999999,2.237571,1.157163,0.9622700000000001,42.714657,43.129807,18.963289000000003,15.149604,15.988328,0.8806959999999999,1.668871,1.47553,0.8893719999999999,1.463028,0.012155,0.013219,0.007878,0.00479,0.003478,19.574539,4.652533999999999,2.945359,2.947982,1.0003739999999999
15971,1650412996.7445052,1650412996.7440891,42.0,0.0,5293.846191,814.871765,4306.153809,4300.512695,5945.641113000001,0.0,4.0,77.0,,,,0.0,4.0,0.0,2.0,0.0,4.0,16.666666,,,,,,,,21.0,0.0,0.26366,-0.41626,0.518311,0.698975,0.854505,-0.519051,-0.114748,-0.044287,-0.05845,-0.016338,,,,,,,,,,,,,,,,,,,,,,,,,,,,,,,,,,,,,,,,,,,,,,,,,,,,,,,,,,,,,,,,,
15972,1650412996.7523189,1650412996.752003,43.0,0.0,5231.794922,816.923096,4279.487305,4297.94873,5909.230957,0.0,4.0,77.0,,,,0.0,4.0,0.0,2.0,0.0,4.0,16.666666,,,,,,,,,,,,,,,,,,,,,,,,,,,,,,,,,,,,,,,,,,,,,,,,,,,,,,,,,,,,,,,,,,,,,,,,,,,,,,,,,,,,
15973,1650412996.760134,1650412996.759818,44.0,0.0,5172.307617,815.897461,4250.769043,4297.94873,5903.589844,0.0,4.0,77.0,,,,0.0,4.0,0.0,2.0,0.0,4.0,16.666666,,,,,,,,22.0,0.0,0.263848,-0.41674799999999995,0.517822,0.698975,0.8618299999999999,-0.548348,-0.080079,-0.044301,-0.058464999999999996,-0.017585,,,,,,,,,,,,,,,,,,,,,,,,,,,,,,,,,,,,,,,,,,,,,,,,,,,,,,,,,,,,,,,,,
15974,1650412996.767949,1650412996.7677321,45.0,0.0,5132.820313,817.94873,4256.922852000001,4297.94873,5922.563965,0.0,4.0,77.0,,,,0.0,4.0,0.0,2.0,0.0,4.0,16.666666,,,,,,,,,,,,,,,,,,,,,,,,,,,,,,,,,,,,,,,,,,,,,,,,,,,,,,0.0,0.0,1.0,0.0,512.0,1.0,,,,,,,,,,,,,,,,,,,,,,,,,
15975,1650412996.775763,1650412996.775547,46.0,0.0,5180.0,817.435913,4292.307617,4297.94873,5916.410156,0.0,4.0,77.0,,,,0.0,4.0,0.0,2.0,0.0,4.0,16.666666,,,,,,,,23.0,0.0,0.26415900000000003,-0.41674799999999995,0.517334,0.6992189999999999,0.8593879999999999,-0.532235,-0.133303,-0.044266,-0.058379999999999994,-0.018757,,,,,,,,,,,,,,,,,,,,,,,,,,,,,,,,,,,,,,,,,,,,,,,,,,,,,,,,,,,,,,,,,
15976,1650412996.783578,1650412996.7834618,47.0,0.0,5203.589844,816.923096,4311.282227000001,4298.461426,5881.538574,0.0,4.0,77.0,,,,0.0,4.0,0.0,2.0,0.0,4.0,16.666666,,,,,,,,,,,,,,,,,,,,,,,,,,,,,,,,,,,,,,,,,,,,,,,,,,,,,,,,,,,,,,,,,,,,,,,,,,,,,,,,,,,,
15977,1650412996.791392,1650412996.791276,48.0,0.0,5131.282227000001,817.435913,4277.94873,4298.461426,5841.025879,0.0,4.0,77.0,,,,0.0,4.0,0.0,2.0,0.0,4.0,16.666666,,,,,,,,24.0,0.0,0.264251,-0.41699200000000003,0.5170899999999999,0.6992189999999999,0.855482,-0.523934,-0.11816600000000001,-0.044331999999999996,-0.058352999999999995,-0.016832,,,,,,,,,,,,,,,,,,,,,,,,,,,,,,,,,,,,,,,,,,,,,,,,,,,,,,,,,,,,,,,,,
15978,1650412996.799207,1650412996.799191,49.0,0.0,5068.205078,817.94873,4243.077147999999,4297.436035,5785.641113000001,0.0,4.0,77.0,,,,0.0,4.0,0.0,2.0,0.0,4.0,16.666666,,,,,,,,,,,,,,,,,,,,,,,,,,,,,,,,,,,,,,,,,,,,,,,,,,,,,,0.0,1.0,1.0,0.0,512.0,1.0,,,,,,,,,,,,,,,,,,,,,,,,,
15979,1650412996.807022,1650412996.8070052,50.0,0.0,5013.846191,817.94873,4270.769043,4296.410156,5714.871582,0.0,4.0,77.0,,,,0.0,4.0,0.0,2.0,0.0,4.0,16.666666,,,,,,,,25.0,0.0,0.264728,-0.41699200000000003,0.516846,0.6992189999999999,0.863294,-0.49366000000000004,-0.097169,-0.044146,-0.058328,-0.014856,,,,,,,,,,,,,,,,,,,,,,,,,,,,,,,,,,,,,,,,,,,,,,,,,,,,,,,,,,,,,,,,,
15980,1650412996.814836,1650412996.81492,51.0,0.0,4923.077147999999,817.435913,4309.230957,4294.358886999999,5654.358886999999,0.0,4.0,77.0,,,,0.0,4.0,0.0,2.0,0.0,4.0,16.666666,,,,,,,,,,,,,,,,,,,,,,,,,,,,,,,,,,,,,,,,,,,,,,,,,,,,,,,,,,,,,,,,,,,,,,,,,,,,,,,,,,,,
15981,1650412996.822651,1650412996.822735,52.0,0.0,4852.820313,817.94873,4307.179688,4290.769043,5574.358886999999,0.0,4.0,77.0,,,,0.0,4.0,0.0,2.0,0.0,4.0,16.666666,,,,,,,,26.0,0.0,0.265205,-0.41699200000000003,0.516602,0.6992189999999999,0.866712,-0.48828900000000003,-0.098146,-0.044078,-0.058306,-0.0163,,,,,,,,,,,,,,,,,,,,,,,,,,,,,,,,,,,,,,,,,,,,,,,,,,,,,,,,,,,,,,,,,
15982,1650412996.830465,1650412996.8306491,53.0,0.0,4820.512695,817.94873,4291.282227000001,4288.205078,5523.589844,0.0,4.0,77.0,,,,0.0,4.0,0.0,2.0,0.0,4.0,16.666666,,,,,,,,,,,,,,,,,,,,,,,,,,,,,,,,,,,,,,,,,,,,,,,,,,,,,,0.0,0.0,1.0,0.0,512.0,1.0,,,,,,,,,,,,,,,,,,,,,,,,,
15983,1650412996.83828,1650412996.838464,54.0,0.0,4845.128418,817.94873,4288.717772999999,4288.205078,5499.487305,0.0,4.0,77.0,,,,0.0,4.0,0.0,2.0,0.0,4.0,16.666666,,,,,,,,27.0,0.0,0.264944,-0.41674799999999995,0.516602,0.6994630000000001,0.854994,-0.501472,-0.10498199999999999,-0.044113,-0.058286000000000004,-0.017502,,,,,,,,,,,,,,,,,,,,,,,,,,,,,,,,,,,,,,,,,,,,,,,,,,,,,,,,,,,,,,,,,
15984,1650412996.846094,1650412996.846179,55.0,0.0,4932.820313,817.94873,4299.487305,4289.230957,5382.563965,0.0,4.0,77.0,,,,0.0,4.0,0.0,2.0,0.0,4.0,16.666666,,,,,,,,,,,,,,,,,,,,,,,,,,,,,,,,,,,,,,,,,,,,,,,,,,,,,,,,,,,,,,,,,,,,,,,,,,,,,,,,,,,,
15985,1650412996.853909,1650412996.853993,56.0,0.0,4967.692383,817.94873,4313.846191,4289.230957,5217.436035,0.0,4.0,77.0,,,,0.0,4.0,0.0,2.0,0.0,4.0,16.666666,,,,,,,,28.0,0.0,0.264944,-0.41674799999999995,0.516602,0.6994630000000001,0.874525,-0.504891,-0.11425999999999999,-0.044097000000000004,-0.058365999999999994,-0.018779,,,,,,,,,,,,,,,,,,,,,,,,,,,,,,,,,,,,,,,,,,,,,,,,,,,,,,,,,,,,,,,,,
15986,1650412996.8617241,1650412996.861708,57.0,0.0,4885.128418,817.94873,4303.589844,4288.205078,5127.692383,0.0,4.0,77.0,,,,0.0,4.0,0.0,2.0,0.0,4.0,16.666666,,,,,,,,,,,,,,,,,,,,1.0,0.0,0.0,,,,,,,,,,,,,,,,,,,,,,,,,,,,,,,,0.0,0.0,1.0,0.0,128.0,1.0,42.480408000000004,9.001531,2.315993,1.286994,1.0022950000000002,112.051758,67.480614,25.796392,15.481845999999999,16.224972,0.9516129999999999,1.747312,1.596226,1.063862,1.3536139999999999,0.021498,0.020516,0.010957999999999999,0.006479,0.004295,32.664604,4.898999,2.99629,2.73513,1.124609
15987,1650412996.869538,1650412996.869623,58.0,0.0,4780.0,817.94873,4282.05127,4288.205078,5029.230957,0.0,4.0,77.0,,,,0.0,4.0,0.0,2.0,0.0,4.0,16.666666,,,,,,,,29.0,0.0,0.265328,-0.416504,0.516602,0.6994630000000001,0.8715950000000001,-0.500984,-0.100587,-0.044081,-0.058241999999999995,-0.016755000000000003,,,,,,,,,,,,,,,,,,,,,,,,,,,,,,,,,,,,,,,,,,,,,,,,,,,,,,,,,,,,,,,,,
15988,1650412996.877353,1650412996.8774369,59.0,0.0,4698.461426,817.94873,4289.230957,4287.692383,4765.641113000001,0.0,4.0,77.0,,,,0.0,4.0,0.0,2.0,0.0,4.0,16.666666,,,,,,,,,,,,,,,,,,,,,,,,,,,,,,,,,,,,,,,,,,,,,,,,,,,,,,,,,,,,,,,,,,,,,,,,,,,,,,,,,,,,
15989,1650412996.885167,1650412996.885252,60.0,0.0,4614.358886999999,817.94873,4305.641113000001,4284.615234000001,4508.205078,0.0,4.0,77.0,,,,0.0,4.0,0.0,2.0,0.0,4.0,16.666666,,,,,,,,30.0,0.0,0.26516,-0.416504,0.516357,0.699707,0.867201,-0.5097729999999999,-0.11816600000000001,-0.044068,-0.058276999999999995,-0.018009,,,,,,,,,,,,,,,,,,,,,,,,,,,,,,,,,,,,,,,,,,,,,,,,,,,,,,,,,,,,,,,,,
15990,1650412996.892982,1650412996.892967,61.0,0.0,4535.897461,817.94873,4297.436035,4281.025879,4365.641113000001,0.0,4.0,77.0,,,,0.0,4.0,0.0,2.0,0.0,4.0,16.666666,,,,,,,,,,,,,,,,,,,,,,,,,,,,,,,,,,,,,,,,,,,,,,,,,,,,,,0.0,0.0,1.0,0.0,128.0,1.0,,,,,,,,,,,,,,,,,,,,,,,,,
15991,1650412996.9007971,1650412996.9007812,62.0,0.0,4478.461426,817.94873,4286.153809,4281.025879,4229.743652,0.0,4.0,77.0,,,,0.0,4.0,0.0,2.0,0.0,4.0,16.666666,,,,,,,,31.0,0.0,0.264944,-0.41674799999999995,0.516602,0.6994630000000001,0.874525,-0.504891,-0.11425999999999999,-0.044056,-0.05826,-0.019138,,,,,,,,,,,,,,,,,,,,,,,,,,,,,,,,,,,,,,,,,,,,,,,,,,,,,,,,,,,,,,,,,
15992,1650412996.9086108,1650412996.9084961,63.0,0.0,4429.230957,817.94873,4297.94873,4281.538574,4112.820313,0.0,4.0,77.0,,,,0.0,4.0,0.0,2.0,0.0,4.0,16.666666,,,,,,,,,,,,,,,,,,,,,,,,,,,,,,,,,,,,,,,,,,,,,,,,,,,,,,,,,,,,,,,,,,,,,,,,,,,,,,,,,,,,
15993,1650412996.916426,1650412996.916311,64.0,0.0,4361.025879,817.94873,4296.410156,4281.025879,4040.512939,450.0,4.0,77.0,,,,0.0,4.0,0.0,2.0,0.0,4.0,16.666666,,,,,,,,32.0,0.0,0.26516,-0.416504,0.516357,0.699707,0.867201,-0.5097729999999999,-0.11816600000000001,-0.044045,-0.058294000000000006,-0.020154,,,,,,,,,,,,,,,,,,,,,,,,,,,,,,,,,,,,,,,,,,,,,,,,,,,,,,,,,,,,,,,,,
15994,1650412996.92424,1650412996.924025,65.0,0.0,4292.820313,817.94873,4266.666504,4281.025879,3964.615479,450.0,4.0,77.0,,,,0.0,4.0,0.0,2.0,0.0,4.0,16.666666,,,,,,,,,,,,,,,,,,,,,,,,,,,,,,,,,,,,,,,,,,,,,,,,,,,,,,0.0,0.0,1.0,0.0,128.0,1.0,,,,,,,,,,,,,,,,,,,,,,,,,
15995,1650412996.932055,1650412996.93184,66.0,0.0,4248.205078,817.94873,4250.256348,4281.538574,3868.205078,16257.0,4.0,77.0,,,,0.0,4.0,0.0,2.0,0.0,4.0,16.666666,,,,,,,,33.0,0.0,0.266185,-0.41626,0.516357,0.6994630000000001,0.876967,-0.49951899999999994,-0.12842,-0.044084,-0.058373,-0.021068,,,,,,,,,,,,,,,,,,,,,,,,,,,,,,,,,,,,,,,,,,,,,,,,,,,,,,,,,,,,,,,,,
15996,1650412996.9398699,1650412996.9395552,67.0,0.0,4208.717772999999,817.94873,4256.922852000001,4281.538574,3780.512939,450.0,4.0,77.0,,,,0.0,4.0,1.0,2.0,0.0,4.0,25.0,,,,,,,,,,,,,,,,,,,,,,,,,,,,,,,,,,,,,,,,,,,,,,,,,,,,,,,,,,,,,,,,,,,,,,,,,,,,,,,,,,,,
15997,1650412996.947684,1650412996.9473689,68.0,0.0,4172.307617,817.94873,4266.153809,4281.025879,3722.5642090000006,52.0,4.0,77.0,,,,0.0,4.0,1.0,2.0,0.0,4.0,25.0,,,,,,,,34.0,0.0,0.266185,-0.41626,0.516357,0.6994630000000001,0.8652479999999999,-0.506844,-0.120119,-0.04407,-0.058297,-0.018815000000000002,,,,,,,,,,,,,,,,,,,,,,,,,,,,,,,,,,,,,,,,,,,,,,,,,,,,,,,,,,,,,,,,,
15998,1650412996.955499,1650412996.955084,69.0,0.0,4142.563965,817.94873,4270.769043,4280.512695,3687.179443,450.0,4.0,77.0,,,,0.0,4.0,1.0,2.0,0.0,4.0,25.0,,,,,,,,,,,,,,,,,,,,,,,,,,,,,,,,,,,,,,,,,,,,,,,,,,,,,,0.0,0.0,1.0,0.0,128.0,1.0,,,,,,,,,,,,,,,,,,,,,,,,,
15999,1650412996.963313,1650412996.962999,70.0,0.0,4114.358886999999,817.94873,4273.846191,4280.512695,3665.641113,198.0,4.0,77.0,,,,0.0,4.0,1.0,2.0,0.0,4.0,25.0,,,,,,,,35.0,0.0,0.26656599999999997,-0.416016,0.516357,0.6994630000000001,0.862806,-0.5180739999999999,-0.119631,-0.044204,-0.058376,-0.019814,,,,,,,,,,,,,,,,,,,,,,,,,,,,,,,,,,,,,,,,,,,,,,,,,,,,,,,,,,,,,,,,,
16000,1650412996.971128,1650412996.970813,71.0,0.0,4093.3332520000004,817.94873,4267.179688,4280.512695,3677.4357909999994,450.0,4.0,77.0,,,,0.0,4.0,1.0,2.0,0.0,4.0,25.0,,,,,,,,,,,,,,,,,,,,,,,,,,,,,,,,,,,,,,,,,,,,,,,,,,,,,,,,,,,,,,,,,,,,,,,,,,,,,,,,,,,,
16001,1650412996.9789429,1650412996.9787278,72.0,0.0,4076.923096,817.94873,4251.794922,4280.512695,3694.8718259999996,450.0,4.0,77.0,,,,0.0,4.0,1.0,2.0,0.0,4.0,25.0,,,,,,,,36.0,0.0,0.26656599999999997,-0.416016,0.516357,0.6994630000000001,0.8642709999999999,-0.500984,-0.10888800000000001,-0.044275999999999996,-0.0583,-0.020763,,,,,,,,,,,,,,,,,,,,,,,,,,,,,,,,,,,,,,,,,,,,,,,,,,,,,,,,,,,,,,,,,
16002,1650412996.986757,1650412996.986543,73.0,0.0,4050.256348,817.94873,4243.077147999999,4280.512695,3637.9487299999996,0.0,4.0,77.0,,,,0.0,4.0,1.0,2.0,0.0,4.0,25.0,1.0,0.0,1.0,0.0,2.0,0.0,0.0,,,,,,,,,,,,,1.0,0.0,0.0,,,,,,,,,,,,,,,,,,,,,,,,,,,,,,,,0.0,0.0,1.0,0.0,128.0,1.0,57.887271999999996,13.44488,3.3768540000000002,1.8717580000000003,1.078992,541.370178,189.705872,65.8769,24.976732000000002,17.592663,1.072119,1.8156990000000002,1.6357899999999999,1.26873,1.197073,0.035773,0.030913999999999997,0.015764,0.009615,0.005627,60.07018299999999,5.292452,3.3328260000000003,2.6316349999999997,1.342091
16003,1650412996.9945722,1650412996.994457,74.0,0.0,4019.487061,817.94873,4255.384765999999,4280.512695,3530.7692869999996,450.0,4.0,77.0,,,,0.0,4.0,1.0,2.0,0.0,4.0,25.0,,,,,,,,37.0,0.0,0.26656599999999997,-0.416016,0.516357,0.6994630000000001,0.863783,-0.506844,-0.12549000000000002,-0.044292000000000005,-0.058232000000000006,-0.021713999999999997,,,,,,,,,,,,,,,,,,,,,,,,,,,,,,,,,,,,,,,,,,,,,,,,,,,,,,,,,,,,,,,,,
16004,1650412997.0023859,1650412997.0022721,75.0,0.0,3987.6923829999996,817.94873,4263.077147999999,4280.0,3474.8718259999996,16243.0,4.0,77.0,,,,0.0,4.0,1.0,2.0,0.0,4.0,25.0,,,,,,,,,,,,,,,,,,,,,,,,,,,,,,,,,,,,,,,,,,,,,,,,,,,,,,,,,,,,,,,,,,,,,,,,,,,,,,,,,,,,
16005,1650412997.010201,1650412997.010186,76.0,0.0,3975.897461,817.94873,4238.974121,4278.974121,3495.384521,450.0,4.0,77.0,,,,0.0,4.0,1.0,2.0,0.0,4.0,25.0,,,,,,,,38.0,0.0,0.267419,-0.415771,0.516113,0.6994630000000001,0.8686659999999999,-0.49073,-0.11621300000000001,-0.044355,-0.058316999999999994,-0.022521,,,,,,,,,,,,,,,,,,,,,,,,,,,,,,,,,,,,,,,,,,,,,,,,,,,,,,,,,,,,,,,,,
16006,1650412997.018016,1650412997.018001,77.0,0.0,4003.076904,817.94873,4217.94873,4278.461426,3538.461426,450.0,4.0,77.0,,,,0.0,4.0,1.0,2.0,0.0,4.0,25.0,,,,,,,,,,,,,,,,,,,,,,,,,,,,,,,,,,,,,,,,,,,,,,,,,,,,,,0.0,0.0,1.0,0.0,128.0,1.0,,,,,,,,,,,,,,,,,,,,,,,,,
16007,1650412997.02583,1650412997.0259151,78.0,0.0,4046.6667479999996,817.94873,4226.666504,4278.461426,3577.4357909999994,450.0,4.0,77.0,,,,0.0,4.0,1.0,2.0,0.0,4.0,25.0,,,,,,,,39.0,0.0,0.26715900000000004,-0.41552700000000004,0.516113,0.699707,0.874525,-0.500496,-0.12060699999999999,-0.04446,-0.058392999999999994,-0.020171,,,,,,,,,,,,,,,,,,,,,,,,,,,,,,,,,,,,,,,,,,,,,,,,,,,,,,,,,,,,,,,,,
16008,1650412997.033645,1650412997.03373,79.0,0.0,4110.769043,817.94873,4238.974121,4279.487305,3548.718018,16243.0,4.0,77.0,,,,0.0,4.0,1.0,2.0,0.0,4.0,25.0,,,,,,,,,,,,,,,,,,,,,,,,,,,,,,,,,,,,,,,,,,,,,,,,,,,,,,,,,,,,,,,,,,,,,,,,,,,,,,,,,,,,
16009,1650412997.041459,1650412997.041445,80.0,0.0,4202.563965,817.94873,4227.692383,4280.512695,3493.8461909999996,450.0,4.0,77.0,,,,0.0,4.0,1.0,2.0,0.0,4.0,25.0,,,,,,,,40.0,0.0,0.26715900000000004,-0.41552700000000004,0.516113,0.699707,0.8803850000000001,-0.497566,-0.122072,-0.044458,-0.058414,-0.018056,,,,,,,,,,,,,,,,,,,,,,,,,,,,,,,,,,,,,,,,,,,,,,,,,,,,,,,,,,,,,,,,,
16010,1650412997.049274,1650412997.049259,81.0,0.0,4285.641113000001,817.94873,4215.897461,4280.512695,3627.6923829999996,450.0,4.0,77.0,,,,0.0,4.0,1.0,2.0,0.0,4.0,25.0,,,,,,,,,,,,,,,,,,,,,,,,,,,,,,,,,,,,,,,,,,,,,,,,,,,,,,0.0,0.0,1.0,0.0,128.0,1.0,,,,,,,,,,,,,,,,,,,,,,,,,
16011,1650412997.057089,1650412997.056974,82.0,0.0,4351.794922,817.94873,4232.820313,4281.538574,3852.820557,450.0,4.0,77.0,,,,0.0,4.0,1.0,2.0,0.0,4.0,25.0,,,,,,,,41.0,0.0,0.26753899999999997,-0.415283,0.516113,0.699707,0.863294,-0.505379,-0.122072,-0.044455,-0.058383000000000004,-0.019181,,,,,,,,,,,,,,,,,,,,,,,,,,,,,,,,,,,,,,,,,,,,,,,,,,,,,,,,,,,,,,,,,
16012,1650412997.064903,1650412997.064789,83.0,0.0,4400.0,817.94873,4249.230957,4282.563965,3843.076904,16243.0,4.0,77.0,,,,0.0,4.0,1.0,2.0,0.0,4.0,25.0,,,,,,,,,,,,,,,,,,,,,,,,,,,,,,,,,,,,,,,,,,,,,,,,,,,,,,,,,,,,,,,,,,,,,,,,,,,,,,,,,,,,
16013,1650412997.072718,1650412997.0725038,84.0,0.0,4398.461426,817.94873,4231.794922,4282.563965,3725.641113,450.0,4.0,77.0,,,,0.0,4.0,1.0,2.0,0.0,4.0,25.0,,,,,,,,42.0,0.0,0.267917,-0.41503900000000005,0.516113,0.699707,0.8715950000000001,-0.505379,-0.125978,-0.0446,-0.058453,-0.017116,,,,,,,,,,,,,,,,,,,,,,,,,,,,,,,,,,,,,,,,,,,,,,,,,,,,,,,,,,,,,,,,,
16014,1650412997.080533,1650412997.080318,85.0,0.0,4362.563965,817.94873,4218.461426,4282.563965,3747.6923829999996,450.0,4.0,77.0,,,,0.0,4.0,1.0,2.0,0.0,4.0,25.0,,,,,,,,,,,,,,,,,,,,,,,,,,,,,,,,,,,,,,,,,,,,,,,,,,,,,,0.0,0.0,1.0,0.0,128.0,1.0,,,,,,,,,,,,,,,,,,,,,,,,,
16015,1650412997.088347,1650412997.088033,86.0,0.0,4328.205078,817.94873,4233.333496,4282.563965,3773.3332520000004,450.0,4.0,77.0,,,,0.0,4.0,1.0,2.0,0.0,4.0,25.0,,,,,,,,43.0,0.0,0.267917,-0.41503900000000005,0.516113,0.699707,0.870619,-0.49170699999999995,-0.136233,-0.044632,-0.058418,-0.018383,,,,,,,,,,,,,,,,,,,,,,,,,,,,,,,,,,,,,,,,,,,,,,,,,,,,,,,,,,,,,,,,,
16016,1650412997.0961618,1650412997.095848,87.0,0.0,4285.128418,817.94873,4242.05127,4282.05127,3727.179443,16243.0,4.0,77.0,,,,0.0,4.0,1.0,2.0,0.0,4.0,25.0,,,,,,,,,,,,,,,,,,,,,,,,,,,,,,,,,,,,,,,,,,,,,,,,,,,,,,,,,,,,,,,,,,,,,,,,,,,,,,,,,,,,
16017,1650412997.103976,1650412997.1035619,88.0,0.0,4226.666504,817.94873,4224.615234000001,4283.077147999999,3693.3332520000004,450.0,4.0,77.0,,,,0.0,4.0,1.0,2.0,0.0,4.0,25.0,,,,,,,,44.0,0.0,0.268295,-0.41479499999999997,0.516113,0.699707,0.8872209999999999,-0.504891,-0.140627,-0.044661,-0.058436,-0.016398,,,,,,,,,,,,,,,,,,,,,,,,,,,,,,,,,,,,,,,,,,,,,,,,,,,,,,,,,,,,,,,,,
16018,1650412997.1117911,1650412997.111377,89.0,0.0,4168.717772999999,817.94873,4209.230957,4282.05127,3656.923096,450.0,4.0,77.0,,,,0.0,4.0,1.0,2.0,0.0,4.0,25.0,,,,,,,,,,,,,,,,,,,,1.0,0.0,0.0,,,,,,,,,,,,,,,,,,,,,,,,,,,,,,,,0.0,0.0,32.0,0.443481,1.0,0.0,82.97348000000001,24.244349,6.645219,3.622637,1.225485,1690.8181149999998,492.010437,166.67378200000002,50.622463,20.670866,1.238702,1.829575,1.581856,1.495511,1.060162,0.053689,0.04251,0.022940000000000002,0.014542,0.007387,113.22546399999999,7.319596000000001,4.0604949999999995,2.930001,1.741034
16019,1650412997.119606,1650412997.119092,90.0,0.0,4125.641113000001,817.94873,4227.692383,4278.461426,3632.820557,450.0,4.0,77.0,,,,0.0,4.0,1.0,2.0,0.0,4.0,25.0,,,,,,,,45.0,0.0,0.268295,-0.41479499999999997,0.516113,0.699707,0.855482,-0.51075,-0.135256,-0.044638,-0.058403,-0.017737,,,,,,,,,,,,,,,,,,,,,,,,,,,,,,,,,,,,,,,,,,,,,,,,,,,,,,,,,,,,,,,,,
16020,1650412997.12742,1650412997.1269062,91.0,0.0,4094.8718259999996,817.94873,4247.692383,4277.94873,3632.3076170000004,16243.0,4.0,77.0,,,,0.0,4.0,1.0,2.0,0.0,4.0,25.0,,,,,,,,,,,,,,,,,,,,,,,,,,,,,,,,,,,,,,,,,,,,,,,,,,,,,,,,,,,,,,,,,,,,,,,,,,,,,,,,,,,,
16021,1650412997.135235,1650412997.134721,92.0,0.0,4068.205078,817.94873,4241.025879,4280.0,3637.9487299999996,450.0,4.0,77.0,,,,0.0,4.0,1.0,2.0,0.0,4.0,25.0,,,,,,,,46.0,0.0,0.268295,-0.41479499999999997,0.516113,0.699707,0.87892,-0.503426,-0.124025,-0.044618,-0.058373,-0.015913999999999998,,,,,,,,,,,,,,,,,,,,,,,,,,,,,,,,,,,,,,,,,,,,,,,,,,,,,,,,,,,,,,,,,
16022,1650412997.143049,1650412997.1426358,93.0,0.0,4041.538574,817.94873,4242.05127,4279.487305,3629.2307130000004,450.0,4.0,77.0,,,,0.0,4.0,1.0,2.0,0.0,4.0,25.0,,,,,,,,,,,,,,,,,,,,,,,,,,,,,,,,,,,,,,,,,,,,,,,,,,,,,,0.0,0.0,32.0,0.443481,1.0,0.0,,,,,,,,,,,,,,,,,,,,,,,,,
16023,1650412997.1508641,1650412997.15045,94.0,0.0,4005.641113,817.94873,4250.769043,4276.922852000001,3598.974365,450.0,4.0,77.0,,,,0.0,4.0,1.0,2.0,0.0,4.0,25.0,,,,,,,,47.0,0.0,0.268295,-0.41479499999999997,0.516113,0.699707,0.8813610000000001,-0.49707799999999996,-0.12549000000000002,-0.044551,-0.058347,-0.01735,,,,,,,,,,,,,,,,,,,,,,,,,,,,,,,,,,,,,,,,,,,,,,,,,,,,,,,,,,,,,,,,,
16024,1650412997.158679,1650412997.158365,95.0,0.0,3977.4357909999994,817.94873,4248.205078,4277.94873,3567.6923829999996,16243.0,4.0,77.0,,,,0.0,4.0,1.0,2.0,0.0,4.0,25.0,,,,,,,,,,,,,,,,,,,,,,,,,,,,,,,,,,,,,,,,,,,,,,,,,,,,,,,,,,,,,,,,,,,,,,,,,,,,,,,,,,,,
16025,1650412997.166493,1650412997.166179,96.0,0.0,3962.0512700000004,817.94873,4248.205078,4276.922852000001,3566.1538090000004,450.0,4.0,77.0,,,,0.0,4.0,1.0,2.0,0.0,4.0,25.0,,,,,,,,48.0,0.0,0.268295,-0.41479499999999997,0.516113,0.699707,0.8715950000000001,-0.5039140000000001,-0.134768,-0.044489999999999995,-0.058274,-0.018692,,,,,,,,,,,,,,,,,,,,,,,,,,,,,,,,,,,,,,,,,,,,,,,,,,,,,,,,,,,,,,,,,
16026,1650412997.174308,1650412997.174094,97.0,0.0,3927.179443,817.94873,4262.05127,4269.743652,3589.2307130000004,450.0,4.0,77.0,,,,0.0,4.0,1.0,2.0,0.0,4.0,25.0,,,,,,,,,,,,,,,,,,,,,,,,,,,,,,,,,,,,,,,,,,,,,,,,,,,,,,0.0,0.0,32.0,0.443481,1.0,0.0,,,,,,,,,,,,,,,,,,,,,,,,,
16027,1650412997.182122,1650412997.181909,98.0,0.0,3899.487061,817.94873,4250.256348,4265.641113000001,3614.358887,450.0,4.0,77.0,,,,0.0,4.0,1.0,2.0,0.0,4.0,25.0,,,,,,,,49.0,0.0,0.267825,-0.41479499999999997,0.516357,0.699707,0.878431,-0.498543,-0.118654,-0.044582,-0.058208,-0.019703000000000002,,,,,,,,,,,,,,,,,,,,,,,,,,,,,,,,,,,,,,,,,,,,,,,,,,,,,,,,,,,,,,,,,
16028,1650412997.1899369,1650412997.1898232,99.0,0.0,3912.3076170000004,817.94873,4225.641113000001,4267.179688,3626.6667479999996,16243.0,4.0,77.0,,,,0.0,4.0,1.0,2.0,0.0,4.0,25.0,,,,,,,,,,,,,,,,,,,,,,,,,,,,,,,,,,,,,,,,,,,,,,,,,,,,,,,,,,,,,,,,,,,,,,,,,,,,,,,,,,,,
16029,1650412997.197752,1650412997.197638,100.0,0.0,3906.1538090000004,817.94873,4226.666504,4266.666504,3627.179443,450.0,4.0,77.0,,,,0.0,4.0,1.0,2.0,0.0,4.0,25.0,,,,,,,,50.0,0.0,0.268295,-0.41479499999999997,0.516113,0.699707,0.854017,-0.503426,-0.123049,-0.044664999999999996,-0.058149,-0.020663,,,,,,,,,,,,,,,,,,,,,,,,,,,,,,,,,,,,,,,,,,,,,,,,,,,,,,,,,,,,,,,,,
16030,1650412997.205566,1650412997.2055519,101.0,0.0,3869.2307130000004,817.94873,4240.0,4263.589844,3645.1281740000004,450.0,4.0,77.0,,,,0.0,4.0,1.0,2.0,0.0,4.0,25.0,,,,,,,,,,,,,,,,,,,,,,,,,,,,,,,,,,,,,,,,,,,,,,,,,,,,,,0.0,0.0,32.0,0.443481,1.0,0.0,,,,,,,,,,,,,,,,,,,,,,,,,
16031,1650412997.213381,1650412997.213367,102.0,0.0,3867.179443,817.94873,4236.410156,4263.589844,3690.256348,450.0,4.0,77.0,,,,0.0,4.0,1.0,2.0,0.0,4.0,25.0,,,,,,,,51.0,0.0,0.267825,-0.41479499999999997,0.516357,0.699707,0.8774549999999999,-0.506844,-0.12255999999999999,-0.044642,-0.058242999999999996,-0.021477,,,,,,,,,,,,,,,,,,,,,,,,,,,,,,,,,,,,,,,,,,,,,,,,,,,,,,,,,,,,,,,,,
16032,1650412997.2211962,1650412997.221182,103.0,0.0,3884.102539,817.94873,4243.589844,4264.615234000001,3730.7692869999996,16243.0,4.0,77.0,,,,0.0,4.0,1.0,2.0,0.0,4.0,25.0,,,,,,,,,,,,,,,,,,,,,,,,,,,,,,,,,,,,,,,,,,,,,,,,,,,,,,,,,,,,,,,,,,,,,,,,,,,,,,,,,,,,
16033,1650412997.2290099,1650412997.2288961,104.0,0.0,3881.025635,817.94873,4265.641113000001,4264.102539,3737.9487299999996,450.0,4.0,77.0,,,,0.0,4.0,1.0,2.0,0.0,4.0,25.0,,,,,,,,52.0,0.0,0.267825,-0.41479499999999997,0.516357,0.699707,0.8759899999999999,-0.49707799999999996,-0.133303,-0.044768,-0.058228999999999996,-0.022259,,,,,,,,,,,,,,,,,,,,,,,,,,,,,,,,,,,,,,,,,,,,,,,,,,,,,,,,,,,,,,,,,
16034,1650412997.236825,1650412997.236611,105.0,0.0,3857.4357909999994,817.94873,4260.0,4264.102539,3726.6667479999996,450.0,4.0,77.0,,,,0.0,4.0,1.0,2.0,0.0,4.0,25.0,,,,,,,,,,,,,,,,,,,,1.0,0.0,0.0,,,,,,,,,,,,,,,,,,,,,,,,,,,,,,,,0.0,0.0,32.0,1.0,1.0,0.0,117.887077,44.277458,13.28046,7.108505999999999,1.460091,3596.289551,995.076172,335.690979,93.874016,25.396788,1.47472,1.750261,1.451548,1.748219,1.015457,0.070358,0.05224500000000001,0.032491,0.02081,0.009218,193.83667,13.107477,5.613148000000001,3.9228940000000003,2.460544
16035,1650412997.2446392,1650412997.244426,106.0,0.0,3831.281982,817.94873,4248.205078,4264.102539,3737.4357909999994,450.0,4.0,77.0,,,,0.0,4.0,1.0,2.0,0.0,4.0,25.0,,,,,,,,53.0,0.0,0.267825,-0.41479499999999997,0.516357,0.699707,0.8574350000000001,-0.507332,-0.11572400000000001,-0.044733999999999996,-0.058265,-0.019985,,,,,,,,,,,,,,,,,,,,,,,,,,,,,,,,,,,,,,,,,,,,,,,,,,,,,,,,,,,,,,,,,
16036,1650412997.2524538,1650412997.252141,107.0,0.0,3828.718018,817.94873,4256.410156,4264.102539,3775.384521,16243.0,4.0,77.0,,,,0.0,4.0,1.0,2.0,0.0,4.0,25.0,,,,,,,,,,,,,,,,,,,,,,,,,,,,,,,,,,,,,,,,,,,,,,,,,,,,,,,,,,,,,,,,,,,,,,,,,,,,,,,,,,,,
16037,1650412997.260269,1650412997.2599552,108.0,0.0,3828.205078,817.94873,4250.769043,4264.102539,3797.9487299999996,450.0,4.0,77.0,,,,0.0,4.0,1.0,2.0,0.0,4.0,25.0,,,,,,,,54.0,0.0,0.267447,-0.41503900000000005,0.516357,0.699707,0.8686659999999999,-0.49951899999999994,-0.11914200000000001,-0.044704,-0.05825,-0.020965,,,,,,,,,,,,,,,,,,,,,,,,,,,,,,,,,,,,,,,,,,,,,,,,,,,,,,,,,,,,,,,,,
16038,1650412997.268083,1650412997.26767,109.0,0.0,3796.4101560000004,816.923096,4231.794922,4264.102539,3768.205078,450.0,4.0,77.0,,,,0.0,4.0,1.0,2.0,0.0,4.0,25.0,,,,,,,,,,,,,,,,,,,,,,,,,,,,,,,,,,,,,,,,,,,,,,,,,,,,,,0.0,0.0,32.0,1.0,1.0,0.0,,,,,,,,,,,,,,,,,,,,,,,,,
16039,1650412997.275898,1650412997.275485,110.0,0.0,3778.974365,815.3846440000001,4236.410156,4264.102539,3757.4357909999994,450.0,4.0,77.0,,,,0.0,4.0,1.0,2.0,0.0,4.0,25.0,,,,,,,,55.0,0.0,0.26761399999999996,-0.41503900000000005,0.516602,0.6994630000000001,0.8759899999999999,-0.500984,-0.119631,-0.044677,-0.058333,-0.018673,,,,,,,,,,,,,,,,,,,,,,,,,,,,,,,,,,,,,,,,,,,,,,,,,,,,,,,,,,,,,,,,,
16040,1650412997.283712,1650412997.283199,111.0,0.0,3796.923096,817.435913,4250.769043,4264.102539,3805.641113,16243.0,4.0,77.0,,,,0.0,4.0,1.0,2.0,0.0,4.0,25.0,,,,,,,,,,,,,,,,,,,,,,,,,,,,,,,,,,,,,,,,,,,,,,,,,,,,,,,,,,,,,,,,,,,,,,,,,,,,,,,,,,,,
16041,1650412997.291527,1650412997.291114,112.0,0.0,3793.3332520000004,815.897461,4255.897461,4264.102539,3829.2307130000004,450.0,4.0,77.0,,,,0.0,4.0,1.0,2.0,0.0,4.0,25.0,,,,,,,,56.0,0.0,0.267235,-0.415283,0.516602,0.6994630000000001,0.8686659999999999,-0.508309,-0.127932,-0.044604000000000005,-0.05831,-0.016561000000000003,,,,,,,,,,,,,,,,,,,,,,,,,,,,,,,,,,,,,,,,,,,,,,,,,,,,,,,,,,,,,,,,,
16042,1650412997.299342,1650412997.298929,113.0,0.0,3779.487061,811.7948610000001,4258.974121,4264.102539,3812.820557,450.0,4.0,77.0,,,,0.0,4.0,1.0,2.0,0.0,4.0,25.0,,,,,,,,,,,,,,,,,,,,,,,,,,,,,,,,,,,,,,,,,,,,,,,,,,,,,,0.0,0.0,32.0,1.0,1.0,0.0,,,,,,,,,,,,,,,,,,,,,,,,,
16043,1650412997.307156,1650412997.306843,114.0,0.0,3792.820557,825.641052,4257.436035,4264.102539,3818.461426,450.0,4.0,77.0,,,,0.0,4.0,1.0,2.0,0.0,4.0,25.0,,,,,,,,57.0,0.0,0.267235,-0.415283,0.516602,0.6994630000000001,0.8686659999999999,-0.504891,-0.12549000000000002,-0.044587,-0.058191999999999994,-0.017884,,,,,,,,,,,,,,,,,,,,,,,,,,,,,,,,,,,,,,,,,,,,,,,,,,,,,,,,,,,,,,,,,
16044,1650412997.3149712,1650412997.314658,115.0,0.0,3804.615479,848.205139,4252.820313,4264.102539,3828.718018,16243.0,4.0,77.0,,,,0.0,4.0,1.0,2.0,0.0,4.0,25.0,,,,,,,,,,,,,,,,,,,,,,,,,,,,,,,,,,,,,,,,,,,,,,,,,,,,,,,,,,,,,,,,,,,,,,,,,,,,,,,,,,,,
16045,1650412997.322785,1650412997.322472,116.0,0.0,3797.4357909999994,858.974365,4251.794922,4264.102539,3839.487061,450.0,4.0,77.0,,,,0.0,4.0,1.0,2.0,0.0,4.0,25.0,,,,,,,,58.0,0.0,0.267235,-0.415283,0.516602,0.6994630000000001,0.874525,-0.508309,-0.13086099999999998,-0.044572,-0.058232000000000006,-0.019074,,,,,,,,,,,,,,,,,,,,,,,,,,,,,,,,,,,,,,,,,,,,,,,,,,,,,,,,,,,,,,,,,
16046,1650412997.3306,1650412997.3301868,117.0,0.0,3808.718018,871.2820429999999,4257.94873,4264.102539,3873.3332520000004,450.0,4.0,77.0,,,,0.0,4.0,1.0,2.0,0.0,4.0,25.0,,,,,,,,,,,,,,,,,,,,,,,,,,,,,,,,,,,,,,,,,,,,,,,,,,,,,,0.0,0.0,32.0,1.0,1.0,0.0,,,,,,,,,,,,,,,,,,,,,,,,,
16047,1650412997.3384151,1650412997.3381019,118.0,0.0,3834.8718259999996,901.025635,4259.487305,4264.102539,3876.4101560000004,450.0,4.0,77.0,,,,0.0,4.0,1.0,2.0,0.0,4.0,25.0,,,,,,,,59.0,0.0,0.267235,-0.415283,0.516602,0.6994630000000001,0.8686659999999999,-0.508309,-0.127932,-0.044558,-0.05826900000000001,-0.020145,,,,,,,,,,,,,,,,,,,,,,,,,,,,,,,,,,,,,,,,,,,,,,,,,,,,,,,,,,,,,,,,,
16048,1650412997.3462288,1650412997.345916,119.0,0.0,3851.281982,927.179504,4266.666504,4264.102539,3872.820557,16243.0,4.0,77.0,,,,0.0,4.0,1.0,2.0,0.0,4.0,25.0,,,,,,,,,,,,,,,,,,,,,,,,,,,,,,,,,,,,,,,,,,,,,,,,,,,,,,,,,,,,,,,,,,,,,,,,,,,,,,,,,,,,
16049,1650412997.354044,1650412997.353831,120.0,0.0,3864.102539,953.8461300000001,4280.512695,4264.102539,3907.6923829999996,450.0,4.0,77.0,,,,0.0,4.0,1.0,2.0,0.0,4.0,25.0,,,,,,,,60.0,0.0,0.267235,-0.415283,0.516602,0.6994630000000001,0.874525,-0.508309,-0.13086099999999998,-0.044545999999999995,-0.058301,-0.021109,,,,,,,,,,,,,,,,,,,,,,,,,,,,,,,,,,,,,,,,,,,,,,,,,,,,,,,,,,,,,,,,,
16050,1650412997.361858,1650412997.3616462,121.0,0.0,3862.0512700000004,1000.0,4280.512695,4264.102539,3916.923096,450.0,4.0,77.0,,,,0.0,4.0,1.0,2.0,0.0,4.0,25.0,,,,,,,,,,,,,,,,,,,,1.0,0.0,0.0,,,,,,,,,,,,,,,,,,,,,,,,,,,,,,,,0.0,0.0,32.0,1.0,1.0,0.0,165.282303,73.942276,23.464005,12.179216,1.7553450000000002,5989.32959,1613.7192380000001,543.138855,147.16661100000002,30.714764000000002,1.7878779999999999,1.575576,1.28475,2.0182860000000002,1.098303,0.07949400000000001,0.057791999999999996,0.042966000000000004,0.027142000000000003,0.010633,297.675629,25.055515,8.563663,5.815972,3.674261
16051,1650412997.369673,1650412997.36956,122.0,0.0,3846.6667479999996,1033.333374,4268.717772999999,4264.102539,3902.5642090000006,450.0,4.0,77.0,,,,0.0,4.0,1.0,2.0,0.0,4.0,25.0,,,,,,,,61.0,0.0,0.267494,-0.41552700000000004,0.516602,0.6992189999999999,0.8657360000000001,-0.505867,-0.114748,-0.044535000000000005,-0.058330999999999994,-0.021977,,,,,,,,,,,,,,,,,,,,,,,,,,,,,,,,,,,,,,,,,,,,,,,,,,,,,,,,,,,,,,,,,
16052,1650412997.3774881,1650412997.377375,123.0,0.0,3832.820557,1050.25647,4257.436035,4264.102539,3913.8461909999996,16243.0,4.0,77.0,,,,0.0,4.0,1.0,2.0,0.0,4.0,25.0,,,,,,,,,,,,,,,,,,,,,,,,,,,,,,,,,,,,,,,,,,,,,,,,,,,,,,,,,,,,,,,,,,,,,,,,,,,,,,,,,,,,
16053,1650412997.385302,1650412997.385289,124.0,0.0,3819.487061,1108.717896,4258.461426,4264.102539,3932.820557,450.0,4.0,77.0,,,,0.0,4.0,1.0,2.0,0.0,4.0,25.0,,,,,,,,62.0,0.0,0.266642,-0.415771,0.516846,0.6992189999999999,0.8618299999999999,-0.504891,-0.129885,-0.044525,-0.058308000000000006,-0.02266,,,,,,,,,,,,,,,,,,,,,,,,,,,,,,,,,,,,,,,,,,,,,,,,,,,,,,,,,,,,,,,,,
16054,1650412997.393117,1650412997.3931038,125.0,0.0,3812.3076170000004,1189.2307130000002,4257.94873,4264.102539,3894.8718259999996,450.0,4.0,77.0,,,,0.0,4.0,1.0,2.0,0.0,4.0,25.0,,,,,,,,,,,,,,,,,,,,,,,,,,,,,,,,,,,,,,,,,,,,,,,,,,,,,,0.0,0.0,32.0,1.0,1.0,0.0,,,,,,,,,,,,,,,,,,,,,,,,,
16055,1650412997.4009311,1650412997.400919,126.0,0.0,3817.9487299999996,1222.05127,4246.666504,4264.102539,3829.743652,450.0,4.0,77.0,,,,0.0,4.0,1.0,2.0,0.0,4.0,25.0,,,,,,,,63.0,0.0,0.266642,-0.415771,0.516846,0.6992189999999999,0.862806,-0.504891,-0.125002,-0.044516,-0.058288,-0.020248,,,,,,,,,,,,,,,,,,,,,,,,,,,,,,,,,,,,,,,,,,,,,,,,,,,,,,,,,,,,,,,,,
16056,1650412997.408746,1650412997.408733,127.0,0.0,3815.897461,1250.25647,4246.153809,4264.102539,3863.076904,239.0,4.0,77.0,,,,0.0,4.0,1.0,2.0,0.0,4.0,25.0,,,,,,,,,,,,,,,,,,,,,,,,,,,,,,,,,,,,,,,,,,,,,,,,,,,,,,,,,,,,,,,,,,,,,,,,,,,,,,,,,,,,
16057,1650412997.416561,1650412997.416448,0.0,0.0,3820.512939,1325.128174,4270.256348,4264.102539,3965.1281740000004,450.0,4.0,77.0,,,,0.0,4.0,1.0,2.0,0.0,4.0,25.0,,,,,,,,0.0,0.0,0.26616799999999996,-0.415771,0.5170899999999999,0.6992189999999999,0.8603649999999999,-0.504891,-0.109865,-0.044556,-0.05827,-0.021200999999999998,,,,,,,,,,,,,,,,,,,,,,,,,,,,,,,,,,,,,,,,,,,,,,,,,,,,,,,,,,,,,,,,,
16058,1650412997.424375,1650412997.424263,1.0,0.0,3852.820557,1380.512817,4276.922852000001,4264.102539,3987.6923829999996,450.0,4.0,77.0,,,,0.0,4.0,1.0,2.0,0.0,4.0,25.0,,,,,,,,,,,,,,,,,,,,,,,,,,,,,,,,,,,,,,,,,,,,,,,,,,,,,,0.0,0.0,32.0,1.0,1.0,0.0,,,,,,,,,,,,,,,,,,,,,,,,,
16059,1650412997.43219,1650412997.431977,2.0,0.0,3864.102539,1408.717896,4263.077147999999,4264.102539,3944.615479,16234.0,4.0,77.0,,,,0.0,4.0,1.0,2.0,0.0,4.0,25.0,,,,,,,,1.0,0.0,0.26616799999999996,-0.415771,0.5170899999999999,0.6992189999999999,0.859876,-0.5078199999999999,-0.11767799999999999,-0.044446,-0.058351,-0.021962,,,,,,,,,,,,,,,,,,,,,,,,,,,,,,,,,,,,,,,,,,,,,,,,,,,,,,,,,,,,,,,,,
16060,1650412997.4400039,1650412997.439792,3.0,0.0,3853.8461909999996,1468.205078,4268.205078,4264.102539,3956.923096,450.0,4.0,77.0,,,,0.0,4.0,1.0,2.0,0.0,4.0,25.0,,,,,,,,,,,,,,,,,,,,,,,,,,,,,,,,,,,,,,,,,,,,,,,,,,,,,,,,,,,,,,,,,,,,,,,,,,,,,,,,,,,,
16061,1650412997.447819,1650412997.4475071,4.0,0.0,3867.6923829999996,1537.435913,4267.179688,4264.102539,3978.461426,0.0,4.0,77.0,,,,0.0,4.0,0.0,2.0,0.0,4.0,16.666666,,,,,,,,2.0,0.0,0.265786,-0.416016,0.5170899999999999,0.6992189999999999,0.850599,-0.51075,-0.10888800000000001,-0.044494,-0.058327,-0.019472999999999997,,,,,,,,,,,,,,,,,,,,,,,,,,,,,,,,,,,,,,,,,,,,,,,,,,,,,,,,,,,,,,,,,
16062,1650412997.4556339,1650412997.455321,5.0,0.0,3885.1281740000004,1606.666626,4260.0,4264.102539,3946.6667479999996,450.0,4.0,77.0,,,,0.0,4.0,0.0,2.0,0.0,4.0,16.666666,,,,,,,,,,,,,,,,,,,,,,,,,,,,,,,,,,,,,,,,,,,,,,,,,,,,,,0.0,0.0,32.0,1.0,1.0,0.0,,,,,,,,,,,,,,,,,,,,,,,,,
16063,1650412997.463448,1650412997.4630358,6.0,0.0,3882.0512700000004,1715.897461,4267.179688,4264.102539,3942.5642090000006,207.0,4.0,77.0,,,,0.0,4.0,0.0,2.0,0.0,4.0,16.666666,,,,,,,,3.0,0.0,0.265879,-0.41626,0.516846,0.6992189999999999,0.863783,-0.494148,-0.11084200000000001,-0.044537,-0.058450999999999996,-0.017282,,,,,,,,,,,,,,,,,,,,,,,,,,,,,,,,,,,,,,,,,,,,,,,,,,,,,,,,,,,,,,,,,
16064,1650412997.4712632,1650412997.470851,7.0,0.0,3878.461426,1831.282104,4271.794922,4264.102539,3983.5898439999996,450.0,4.0,77.0,,,,0.0,4.0,0.0,2.0,0.0,4.0,16.666666,,,,,,,,,,,,,,,,,,,,,,,,,,,,,,,,,,,,,,,,,,,,,,,,,,,,,,,,,,,,,,,,,,,,,,,,,,,,,,,,,,,,
16065,1650412997.4790769,1650412997.478566,8.0,0.0,3878.461426,1892.307739,4267.692383,4264.102539,4001.025635,450.0,4.0,77.0,,,,0.0,4.0,0.0,2.0,0.0,4.0,16.666666,,,,,,,,4.0,0.0,0.265879,-0.41626,0.516846,0.6992189999999999,0.8501110000000001,-0.524422,-0.112795,-0.044575,-0.058367999999999996,-0.015309,,,,,,,,,,,,,,,,,,,,,,,,,,,,,,,,,,,,,,,,,,,,,,,,,,,,,,,,,,,,,,,,,
16066,1650412997.486892,1650412997.48648,9.0,0.0,3877.4357909999994,1926.153809,4265.128418,4264.102539,3975.897461,0.0,4.0,77.0,,,,0.0,4.0,0.0,2.0,0.0,4.0,16.666666,1.0,0.0,1.0,0.0,2.0,0.0,0.0,,,,,,,,,,,,,1.0,0.0,0.0,,,,,,,,,,,,,,,,,,,,,,,,,,,,,,,,0.0,0.0,64.0,0.754709,1.0,0.0,227.16967799999998,109.337387,35.650055,17.8011,2.038758,8179.487305,2175.037109,733.683105,195.54776,34.84325,2.178124,1.371909,1.144465,2.267145,1.280266,0.08047,0.057991999999999995,0.05235700000000001,0.031952,0.011308,413.450562,43.647537,13.040868,8.576453,5.449927
16067,1650412997.494707,1650412997.494295,10.0,0.0,3894.358887,1990.25647,4274.358886999999,4264.102539,3963.076904,450.0,4.0,77.0,,,,0.0,4.0,0.0,2.0,0.0,4.0,16.666666,,,,,,,,5.0,0.0,0.265879,-0.41626,0.516846,0.6992189999999999,0.854017,-0.516609,-0.121584,-0.04469,-0.058274,-0.015062,,,,,,,,,,,,,,,,,,,,,,,,,,,,,,,,,,,,,,,,,,,,,,,,,,,,,,,,,,,,,,,,,
16068,1650412997.502521,1650412997.502209,11.0,0.0,3910.7692869999996,2050.769287,4286.153809,4264.102539,3978.461426,16229.0,4.0,77.0,,,,0.0,4.0,0.0,2.0,0.0,4.0,16.666666,,,,,,,,,,,,,,,,,,,,,,,,,,,,,,,,,,,,,,,,,,,,,,,,,,,,,,,,,,,,,,,,,,,,,,,,,,,,,,,,,,,,
16069,1650412997.510336,1650412997.510124,12.0,0.0,3907.6923829999996,2090.769287,4287.179688,4264.102539,4001.538574,450.0,4.0,77.0,,,,0.0,4.0,0.0,2.0,0.0,4.0,16.666666,,,,,,,,6.0,0.0,0.265496,-0.416504,0.516846,0.6992189999999999,0.8691540000000001,-0.507332,-0.11572400000000001,-0.044616,-0.058257,-0.013359999999999999,,,,,,,,,,,,,,,,,,,,,,,,,,,,,,,,,,,,,,,,,,,,,,,,,,,,,,,,,,,,,,,,,
16070,1650412997.51815,1650412997.518039,13.0,0.0,3909.2307130000004,2185.128174,4286.666504,4264.102539,4027.6923829999996,450.0,4.0,77.0,,,,0.0,4.0,0.0,2.0,0.0,4.0,16.666666,,,,,,,,,,,,,,,,,,,,,,,,,,,,,,,,,,,,,,,,,,,,,,,,,,,,,,0.0,0.0,64.0,0.754709,1.0,0.0,,,,,,,,,,,,,,,,,,,,,,,,,
16071,1650412997.525965,1650412997.5258539,14.0,0.0,3925.1281740000004,2331.794922,4292.820313,4264.102539,4029.743652,450.0,4.0,77.0,,,,0.0,4.0,0.0,2.0,0.0,4.0,16.666666,,,,,,,,7.0,0.0,0.26652,-0.41626,0.516846,0.698975,0.8652479999999999,-0.49951899999999994,-0.111818,-0.044646,-0.058388999999999996,-0.01178,,,,,,,,,,,,,,,,,,,,,,,,,,,,,,,,,,,,,,,,,,,,,,,,,,,,,,,,,,,,,,,,,
16072,1650412997.53378,1650412997.533768,15.0,0.0,3937.9487299999996,2450.256348,4284.102539,4264.102539,4025.641113,16229.0,4.0,77.0,,,,0.0,4.0,0.0,2.0,0.0,4.0,16.666666,,,,,,,,,,,,,,,,,,,,,,,,,,,,,,,,,,,,,,,,,,,,,,,,,,,,,,,,,,,,,,,,,,,,,,,,,,,,,,,,,,,,
16073,1650412997.541594,1650412997.541583,16.0,0.0,3945.1281740000004,2543.589844,4281.025879,4264.102539,4037.4357909999994,0.0,4.0,77.0,,,,0.0,4.0,0.0,2.0,0.0,4.0,16.666666,,,,,,,,8.0,0.0,0.266138,-0.416504,0.516846,0.698975,0.8676889999999999,-0.504402,-0.113283,-0.044576,-0.058361,-0.010456,,,,,,,,,,,,,,,,,,,,,,,,,,,,,,,,,,,,,,,,,,,,,,,,,,,,,,,,,,,,,,,,,
16074,1650412997.549409,1650412997.549498,17.0,0.0,3944.102539,2623.589844,4300.512695,4264.102539,4030.256348,0.0,4.0,77.0,,,,0.0,4.0,0.0,2.0,0.0,4.0,16.666666,,,,,,,,,,,,,,,,,,,,,,,,,,,,,,,,,,,,,,,,,,,,,,,,,,,,,,0.0,0.0,64.0,0.754709,1.0,0.0,,,,,,,,,,,,,,,,,,,,,,,,,
16075,1650412997.557223,1650412997.5573132,18.0,0.0,3932.3076170000004,2675.897461,4303.077147999999,4264.102539,4004.102539,0.0,4.0,77.0,,,,0.0,4.0,0.0,2.0,0.0,4.0,16.666666,,,,,,,,9.0,0.0,0.266138,-0.416504,0.516846,0.698975,0.8569469999999999,-0.501961,-0.105959,-0.044562,-0.058433000000000006,-0.012389,,,,,,,,,,,,,,,,,,,,,,,,,,,,,,,,,,,,,,,,,,,,,,,,,,,,,,,,,,,,,,,,,
16076,1650412997.5650382,1650412997.565228,19.0,0.0,3921.538574,2758.974365,4283.077147999999,4264.102539,3970.256348,0.0,4.0,77.0,,,,0.0,4.0,0.0,2.0,0.0,4.0,16.666666,,,,,,,,,,,,,,,,,,,,,,,,,,,,,,,,,,,,,,,,,,,,,,,,,,,,,,,,,,,,,,,,,,,,,,,,,,,,,,,,,,,,
16077,1650412997.5728528,1650412997.5730429,20.0,0.0,3922.0512700000004,2834.871826,4282.563965,4264.102539,3962.5642090000006,0.0,4.0,77.0,,,,0.0,4.0,0.0,2.0,0.0,4.0,16.666666,,,,,,,,10.0,0.0,0.266612,-0.416504,0.516602,0.698975,0.866712,-0.49463599999999996,-0.113771,-0.044647000000000006,-0.0584,-0.010906,,,,,,,,,,,,,,,,,,,,,,,,,,,,,,,,,,,,,,,,,,,,,,,,,,,,,,,,,,,,,,,,,
16078,1650412997.580667,1650412997.580957,21.0,0.0,3944.102539,2872.3076170000004,4300.0,4264.102539,4008.718018,0.0,4.0,77.0,,,,0.0,4.0,0.0,2.0,0.0,4.0,16.666666,,,,,,,,,,,,,,,,,,,,,,,,,,,,,,,,,,,,,,,,,,,,,,,,,,,,,,0.0,0.0,64.0,0.754709,1.0,0.0,,,,,,,,,,,,,,,,,,,,,,,,,
16079,1650412997.5884821,1650412997.588772,22.0,0.0,3978.974365,2926.666748,4299.487305,4264.102539,4049.743652,0.0,4.0,77.0,,,,0.0,4.0,0.0,2.0,0.0,4.0,16.666666,,,,,,,,11.0,0.0,0.26623,-0.41674799999999995,0.516602,0.698975,0.8589,-0.5078199999999999,-0.098634,-0.044675,-0.058273,-0.012794,,,,,,,,,,,,,,,,,,,,,,,,,,,,,,,,,,,,,,,,,,,,,,,,,,,,,,,,,,,,,,,,,
16080,1650412997.596296,1650412997.5966868,23.0,0.0,3990.7692869999996,3041.025635,4295.384765999999,4264.102539,4038.461426,0.0,4.0,77.0,,,,0.0,4.0,0.0,2.0,0.0,4.0,16.666666,,,,,,,,,,,,,,,,,,,,,,,,,,,,,,,,,,,,,,,,,,,,,,,,,,,,,,,,,,,,,,,,,,,,,,,,,,,,,,,,,,,,
16081,1650412997.604111,1650412997.604502,24.0,0.0,3982.0512700000004,3190.256348,4304.102539,4264.102539,4027.179443,0.0,4.0,77.0,,,,0.0,4.0,0.0,2.0,0.0,4.0,16.666666,,,,,,,,12.0,0.0,0.265588,-0.41674799999999995,0.516602,0.6992189999999999,0.864759,-0.5039140000000001,-0.12255999999999999,-0.044650999999999996,-0.058353999999999996,-0.014493,,,,,,,,,,,,,,,,,,,,,,,,,,,,,,,,,,,,,,,,,,,,,,,,,,,,,,,,,,,,,,,,,
16082,1650412997.611926,1650412997.612417,25.0,0.0,3987.179443,3304.615479,4312.307617,4264.102539,4042.0512700000004,0.0,4.0,77.0,,,,0.0,4.0,0.0,2.0,0.0,4.0,16.666666,,,,,,,,,,,,,,,,,,,,1.0,0.0,0.0,,,,,,,,,,,,,,,,,,,,,,,,,,,,,,,,0.0,0.0,64.0,0.060801,1.0,0.0,299.453583,142.55053700000002,46.797108,22.355232,2.2224909999999998,9420.172852,2492.8041989999997,843.298645,222.519135,36.030322999999996,2.562922,1.237958,1.08847,2.4297779999999998,1.48307,0.080569,0.053627999999999995,0.058455999999999994,0.033929,0.011209,522.8653559999999,66.172928,18.404920999999998,11.811577,7.628626
16083,1650412997.61974,1650412997.620232,26.0,0.0,3994.358887,3365.1281740000004,4307.179688,4264.102539,4032.820557,0.0,4.0,77.0,,,,0.0,4.0,0.0,2.0,0.0,4.0,16.666666,,,,,,,,13.0,0.0,0.265971,-0.416504,0.516602,0.6992189999999999,0.8657360000000001,-0.495613,-0.113771,-0.044824,-0.058329,-0.016022,,,,,,,,,,,,,,,,,,,,,,,,,,,,,,,,,,,,,,,,,,,,,,,,,,,,,,,,,,,,,,,,,
16084,1650412997.6275551,1650412997.6281462,27.0,0.0,3997.9487299999996,3413.8461909999996,4307.179688,4264.102539,4025.641113,0.0,4.0,77.0,,,,0.0,4.0,0.0,2.0,0.0,4.0,16.666666,,,,,,,,,,,,,,,,,,,,,,,,,,,,,,,,,,,,,,,,,,,,,,,,,,,,,,,,,,,,,,,,,,,,,,,,,,,,,,,,,,,,
16085,1650412997.635369,1650412997.635961,28.0,0.0,4009.2307130000004,3462.5642090000006,4300.512695,4264.102539,4051.281982,0.0,4.0,77.0,,,,0.0,4.0,0.0,2.0,0.0,4.0,16.666666,,,,,,,,14.0,0.0,0.265971,-0.416504,0.516602,0.6992189999999999,0.8608530000000001,-0.505867,-0.112795,-0.044883,-0.058258000000000004,-0.017447,,,,,,,,,,,,,,,,,,,,,,,,,,,,,,,,,,,,,,,,,,,,,,,,,,,,,,,,,,,,,,,,,
16086,1650412997.643184,1650412997.643876,29.0,0.0,4010.256348,3513.3332520000004,4277.436035,4264.102539,4055.384521,0.0,4.0,77.0,,,,0.0,4.0,0.0,2.0,0.0,4.0,16.666666,,,,,,,,,,,,,,,,,,,,,,,,,,,,,,,,,,,,,,,,,,,,,,,,,,,,,,0.0,0.0,64.0,0.060801,1.0,0.0,,,,,,,,,,,,,,,,,,,,,,,,,
16087,1650412997.650999,1650412997.651791,30.0,0.0,4000.0,3635.897461,4275.384765999999,4264.102539,4032.820557,0.0,4.0,77.0,,,,0.0,4.0,0.0,2.0,0.0,4.0,16.666666,,,,,,,,15.0,0.0,0.265971,-0.416504,0.516602,0.6992189999999999,0.8774549999999999,-0.510262,-0.11767799999999999,-0.044936000000000004,-0.058292,-0.015458000000000001,,,,,,,,,,,,,,,,,,,,,,,,,,,,,,,,,,,,,,,,,,,,,,,,,,,,,,,,,,,,,,,,,
16088,1650412997.658813,1650412997.659606,31.0,0.0,4003.5898439999996,3738.974365,4294.358886999999,4264.102539,4030.7692869999996,0.0,4.0,77.0,,,,0.0,4.0,0.0,2.0,0.0,4.0,16.666666,,,,,,,,,,,,,,,,,,,,,,,,,,,,,,,,,,,,,,,,,,,,,,,,,,,,,,,,,,,,,,,,,,,,,,,,,,,,,,,,,,,,
16089,1650412997.666628,1650412997.667521,32.0,0.0,4011.794922,3744.102539,4306.666504,4264.102539,4041.538574,0.0,4.0,77.0,,,,0.0,4.0,0.0,2.0,0.0,4.0,16.666666,,,,,,,,16.0,0.0,0.266353,-0.41626,0.516602,0.6992189999999999,0.87013,-0.492683,-0.12060699999999999,-0.044886,-0.058224,-0.013668000000000001,,,,,,,,,,,,,,,,,,,,,,,,,,,,,,,,,,,,,,,,,,,,,,,,,,,,,,,,,,,,,,,,,
16090,1650412997.674442,1650412997.675335,33.0,0.0,4003.5898439999996,3842.0512700000004,4291.794922,4264.102539,4039.487061,0.0,4.0,77.0,,,,0.0,4.0,0.0,2.0,0.0,4.0,16.666666,,,,,,,,,,,,,,,,,,,,,,,,,,,,,,,,,,,,,,,,,,,,,,,,,,,,,,0.0,0.0,64.0,0.060801,1.0,0.0,,,,,,,,,,,,,,,,,,,,,,,,,
16091,1650412997.682257,1650412997.68325,34.0,0.0,4004.615479,3968.718018,4278.974121,4264.102539,4031.281982,0.0,4.0,77.0,,,,0.0,4.0,0.0,2.0,0.0,4.0,16.666666,,,,,,,,17.0,0.0,0.266353,-0.41626,0.516602,0.6992189999999999,0.87892,-0.49366000000000004,-0.11523599999999999,-0.04484,-0.05831,-0.015182,,,,,,,,,,,,,,,,,,,,,,,,,,,,,,,,,,,,,,,,,,,,,,,,,,,,,,,,,,,,,,,,,
16092,1650412997.690072,1650412997.691065,35.0,0.0,4020.512939,3906.6667479999996,4301.025879,4264.102539,4026.1538090000004,0.0,4.0,77.0,,,,0.0,4.0,0.0,2.0,0.0,4.0,16.666666,,,,,,,,,,,,,,,,,,,,,,,,,,,,,,,,,,,,,,,,,,,,,,,,,,,,,,,,,,,,,,,,,,,,,,,,,,,,,,,,,,,,
16093,1650412997.697886,1650412997.69898,36.0,0.0,4034.8718259999996,3837.9487299999996,4313.333496,4264.102539,4045.641113,0.0,4.0,77.0,,,,0.0,4.0,0.0,2.0,0.0,4.0,16.666666,,,,,,,,18.0,0.0,0.265619,-0.416016,0.516846,0.6994630000000001,0.876967,-0.509285,-0.11914200000000001,-0.044702,-0.058289999999999995,-0.013469,,,,,,,,,,,,,,,,,,,,,,,,,,,,,,,,,,,,,,,,,,,,,,,,,,,,,,,,,,,,,,,,,
16094,1650412997.7057009,1650412997.706795,37.0,0.0,4036.4101560000004,3981.025635,4281.025879,4264.102539,4061.025635,0.0,4.0,77.0,,,,0.0,4.0,0.0,2.0,0.0,4.0,16.666666,,,,,,,,,,,,,,,,,,,,,,,,,,,,,,,,,,,,,,,,,,,,,,,,,,,,,,0.0,0.0,64.0,0.060801,1.0,0.0,,,,,,,,,,,,,,,,,,,,,,,,,
16095,1650412997.713516,1650412997.71471,38.0,0.0,4027.6923829999996,4108.717772999999,4261.538574,4264.102539,4039.487061,0.0,4.0,77.0,,,,0.0,4.0,0.0,2.0,0.0,4.0,16.666666,,,,,,,,19.0,0.0,0.266261,-0.416016,0.516846,0.6992189999999999,0.862318,-0.512703,-0.12060699999999999,-0.044578,-0.058272000000000004,-0.011976,,,,,,,,,,,,,,,,,,,,,,,,,,,,,,,,,,,,,,,,,,,,,,,,,,,,,,,,,,,,,,,,,
16096,1650412997.7213302,1650412997.722524,39.0,0.0,4036.4101560000004,4056.923096,4299.487305,4264.102539,4048.718018,0.0,4.0,77.0,,,,0.0,4.0,0.0,2.0,0.0,4.0,16.666666,,,,,,,,,,,,,,,,,,,,,,,,,,,,,,,,,,,,,,,,,,,,,,,,,,,,,,,,,,,,,,,,,,,,,,,,,,,,,,,,,,,,
16097,1650412997.7291448,1650412997.730439,40.0,0.0,4055.384521,4028.718018,4324.615234000001,4264.102539,4084.615479,0.0,4.0,77.0,,,,0.0,4.0,0.0,2.0,0.0,4.0,16.666666,,,,,,,,20.0,0.0,0.26616799999999996,-0.415771,0.5170899999999999,0.6992189999999999,0.8608530000000001,-0.511238,-0.119631,-0.044466000000000006,-0.058303999999999995,-0.010583,,,,,,,,,,,,,,,,,,,,,,,,,,,,,,,,,,,,,,,,,,,,,,,,,,,,,,,,,,,,,,,,,
16098,1650412997.736959,1650412997.7382538,41.0,0.0,4046.1538090000004,4159.487305,4291.282227000001,4264.102539,4061.538574,0.0,4.0,77.0,,,,0.0,4.0,0.0,2.0,0.0,4.0,16.666666,,,,,,,,,,,,,,,,,,,,1.0,0.0,0.0,,,,,,,,,,,,,,,,,,,,,,,,,,,,,,,,0.0,0.0,64.0,0.023147,1.0,0.0,370.630341,164.226974,53.563235999999996,24.355688,2.24017,9334.954102,2452.74292,833.562134,217.768677,33.38348,2.8290919999999997,1.229542,1.149781,2.4438459999999997,1.61893,0.084339,0.046952999999999995,0.05966900000000001,0.032561,0.010551000000000001,601.640808,86.93624100000001,23.278919000000002,14.877639000000002,9.803964
16099,1650412997.744774,1650412997.746069,42.0,0.0,4037.9487299999996,4278.974121,4254.871582,4264.102539,4028.718018,0.0,4.0,77.0,,,,0.0,4.0,0.0,2.0,0.0,4.0,16.666666,,,,,,,,21.0,0.0,0.26616799999999996,-0.415771,0.5170899999999999,0.6992189999999999,0.8569469999999999,-0.507332,-0.13086099999999998,-0.044463,-0.058333,-0.012454,,,,,,,,,,,,,,,,,,,,,,,,,,,,,,,,,,,,,,,,,,,,,,,,,,,,,,,,,,,,,,,,,
16100,1650412997.752589,1650412997.753984,43.0,0.0,4072.3076170000004,4275.384765999999,4277.94873,4264.102539,4064.615479,0.0,4.0,77.0,,,,0.0,4.0,0.0,2.0,0.0,4.0,16.666666,,,,,,,,,,,,,,,,,,,,,,,,,,,,,,,,,,,,,,,,,,,,,,,,,,,,,,,,,,,,,,,,,,,,,,,,,,,,,,,,,,,,
16101,1650412997.760403,1650412997.761898,44.0,0.0,4098.974121,4296.922852000001,4322.563965,4264.102539,4103.077147999999,0.0,4.0,77.0,,,,0.0,4.0,0.0,2.0,0.0,4.0,16.666666,,,,,,,,22.0,0.0,0.26552600000000004,-0.415771,0.5170899999999999,0.6994630000000001,0.8584120000000001,-0.502937,-0.124025,-0.044509,-0.05831,-0.014187,,,,,,,,,,,,,,,,,,,,,,,,,,,,,,,,,,,,,,,,,,,,,,,,,,,,,,,,,,,,,,,,,
16102,1650412997.768218,1650412997.769813,45.0,0.0,4081.538574,4410.769043,4320.512695,4264.102539,4086.1538090000004,0.0,4.0,77.0,,,,0.0,4.0,0.0,2.0,0.0,4.0,16.666666,,,,,,,,,,,,,,,,,,,,,,,,,,,,,,,,,,,,,,,,,,,,,,,,,,,,,,0.0,0.0,64.0,0.023147,1.0,0.0,,,,,,,,,,,,,,,,,,,,,,,,,
16103,1650412997.776032,1650412997.777628,46.0,0.0,4069.2307130000004,4506.153809,4304.102539,4264.102539,4066.6667479999996,0.0,4.0,77.0,,,,0.0,4.0,0.0,2.0,0.0,4.0,16.666666,,,,,,,,23.0,0.0,0.26616799999999996,-0.415771,0.5170899999999999,0.6992189999999999,0.8608530000000001,-0.511238,-0.119631,-0.044403,-0.058339,-0.012573,,,,,,,,,,,,,,,,,,,,,,,,,,,,,,,,,,,,,,,,,,,,,,,,,,,,,,,,,,,,,,,,,
16104,1650412997.783847,1650412997.785443,47.0,0.0,4083.5898439999996,4513.333496,4313.333496,4264.102539,4085.641113,0.0,4.0,77.0,,,,0.0,4.0,0.0,2.0,0.0,4.0,16.666666,,,,,,,,,,,,,,,,,,,,,,,,,,,,,,,,,,,,,,,,,,,,,,,,,,,,,,,,,,,,,,,,,,,,,,,,,,,,,,,,,,,,
16105,1650412997.791662,1650412997.793358,48.0,0.0,4099.487305,4518.461426,4320.0,4264.102539,4098.974121,0.0,4.0,77.0,,,,0.0,4.0,0.0,2.0,0.0,4.0,16.666666,,,,,,,,24.0,0.0,0.26552600000000004,-0.415771,0.5170899999999999,0.6994630000000001,0.8584120000000001,-0.502937,-0.124025,-0.044455,-0.058315,-0.014294,,,,,,,,,,,,,,,,,,,,,,,,,,,,,,,,,,,,,,,,,,,,,,,,,,,,,,,,,,,,,,,,,
16106,1650412997.799476,1650412997.801173,49.0,0.0,4108.717772999999,4590.769043,4309.743652,4264.102539,4090.256348,0.0,4.0,77.0,,,,0.0,4.0,0.0,2.0,0.0,4.0,16.666666,,,,,,,,,,,,,,,,,,,,,,,,,,,,,,,,,,,,,,,,,,,,,,,,,,,,,,0.0,0.0,64.0,0.023147,1.0,0.0,,,,,,,,,,,,,,,,,,,,,,,,,
16107,1650412997.807291,1650412997.8090868,50.0,0.0,4107.179688,4658.461426,4305.128418,4264.102539,4102.05127,0.0,4.0,77.0,,,,0.0,4.0,0.0,2.0,0.0,4.0,16.666666,,,,,,,,25.0,0.0,0.26552600000000004,-0.415771,0.5170899999999999,0.6994630000000001,0.875502,-0.5141680000000001,-0.11914200000000001,-0.044453,-0.05839199999999999,-0.015844,,,,,,,,,,,,,,,,,,,,,,,,,,,,,,,,,,,,,,,,,,,,,,,,,,,,,,,,,,,,,,,,,
16108,1650412997.815105,1650412997.817002,51.0,0.0,4091.281982,4673.846191,4305.128418,4264.102539,4108.717772999999,0.0,4.0,77.0,,,,0.0,4.0,0.0,2.0,0.0,4.0,16.666666,,,,,,,,,,,,,,,,,,,,,,,,,,,,,,,,,,,,,,,,,,,,,,,,,,,,,,,,,,,,,,,,,,,,,,,,,,,,,,,,,,,,
16109,1650412997.8229198,1650412997.824817,52.0,0.0,4082.0512700000004,4680.512695,4310.256348,4264.102539,4072.3076170000004,0.0,4.0,77.0,,,,0.0,4.0,0.0,2.0,0.0,4.0,16.666666,,,,,,,,26.0,0.0,0.265907,-0.41552700000000004,0.5170899999999999,0.6994630000000001,0.8676889999999999,-0.5097729999999999,-0.123537,-0.044403,-0.058364,-0.017287,,,,,,,,,,,,,,,,,,,,,,,,,,,,,,,,,,,,,,,,,,,,,,,,,,,,,,,,,,,,,,,,,
16110,1650412997.830735,1650412997.832732,53.0,0.0,4091.794922,4714.358886999999,4318.461426,4264.102539,4055.384521,0.0,4.0,77.0,,,,0.0,4.0,0.0,2.0,0.0,4.0,16.666666,,,,,,,,,,,,,,,,,,,,,,,,,,,,,,,,,,,,,,,,,,,,,,,,,,,,,,0.0,0.0,64.0,0.023147,1.0,0.0,,,,,,,,,,,,,,,,,,,,,,,,,
16111,1650412997.8385491,1650412997.840547,54.0,0.0,4094.8718259999996,4747.692383,4307.692383,4264.102539,4075.384521,0.0,4.0,77.0,,,,0.0,4.0,0.0,2.0,0.0,4.0,16.666666,,,,,,,,27.0,0.0,0.265907,-0.41552700000000004,0.5170899999999999,0.6994630000000001,0.855482,-0.502937,-0.11035299999999999,-0.044455,-0.058436,-0.01546,,,,,,,,,,,,,,,,,,,,,,,,,,,,,,,,,,,,,,,,,,,,,,,,,,,,,,,,,,,,,,,,,
16112,1650412997.846364,1650412997.848362,55.0,0.0,4083.076904,4786.153809,4291.282227000001,4264.102539,4064.615479,0.0,4.0,77.0,,,,0.0,4.0,0.0,2.0,0.0,4.0,16.666666,,,,,,,,,,,,,,,,,,,,,,,,,,,,,,,,,,,,,,,,,,,,,,,,,,,,,,,,,,,,,,,,,,,,,,,,,,,,,,,,,,,,
16113,1650412997.854178,1650412997.856276,56.0,0.0,4095.384521,4813.846191,4296.922852000001,4264.102539,4059.487061,0.0,4.0,77.0,,,,0.0,4.0,0.0,2.0,0.0,4.0,16.666666,,,,,,,,28.0,0.0,0.265907,-0.41552700000000004,0.5170899999999999,0.6994630000000001,0.863294,-0.514656,-0.11914200000000001,-0.04455,-0.058304999999999996,-0.016893000000000002,,,,,,,,,,,,,,,,,,,,,,,,,,,,,,,,,,,,,,,,,,,,,,,,,,,,,,,,,,,,,,,,,
16114,1650412997.861993,1650412997.864191,57.0,0.0,4117.94873,4853.846191,4297.94873,4264.102539,4088.718018,0.0,4.0,77.0,,,,0.0,4.0,0.0,2.0,0.0,4.0,16.666666,,,,,,,,,,,,,,,,,,,,1.0,0.0,0.0,,,,,,,,,,,,,,,,,,,,,,,,,,,,,,,,0.0,0.0,1.0,0.0,128.0,1.0,423.39971900000006,167.618698,53.616730000000004,23.08577,2.078409,7889.797852,2066.576172,706.387756,182.567139,27.331996999999998,2.9041810000000003,1.330555,1.301667,2.280404,1.632074,0.098429,0.040306,0.05556900000000001,0.028329000000000003,0.009644,632.0372309999999,99.573402,26.187094000000002,17.063595,11.435896000000001
16115,1650412997.869808,1650412997.872006,58.0,0.0,4112.820313,4951.282227000001,4274.871582,4264.102539,4095.384521,0.0,4.0,77.0,,,,0.0,4.0,0.0,2.0,0.0,4.0,16.666666,,,,,,,,29.0,0.0,0.265646,-0.415283,0.5170899999999999,0.699707,0.854994,-0.501961,-0.11718900000000002,-0.044489999999999995,-0.058285000000000003,-0.018231,,,,,,,,,,,,,,,,,,,,,,,,,,,,,,,,,,,,,,,,,,,,,,,,,,,,,,,,,,,,,,,,,
16116,1650412997.8776221,1650412997.8799212,59.0,0.0,4106.666504,5032.820313,4268.205078,4264.102539,4087.6923829999996,0.0,4.0,77.0,,,,0.0,4.0,0.0,2.0,0.0,4.0,16.666666,,,,,,,,,,,,,,,,,,,,,,,,,,,,,,,,,,,,,,,,,,,,,,,,,,,,,,,,,,,,,,,,,,,,,,,,,,,,,,,,,,,,
16117,1650412997.885437,1650412997.8877358,60.0,0.0,4114.871582,5078.974121,4300.512695,4264.102539,4088.718018,0.0,4.0,77.0,,,,0.0,4.0,0.0,2.0,0.0,4.0,16.666666,,,,,,,,30.0,0.0,0.265646,-0.415283,0.5170899999999999,0.699707,0.862806,-0.49463599999999996,-0.118654,-0.044483999999999996,-0.058267,-0.016359000000000002,,,,,,,,,,,,,,,,,,,,,,,,,,,,,,,,,,,,,,,,,,,,,,,,,,,,,,,,,,,,,,,,,
16118,1650412997.893252,1650412997.89565,61.0,0.0,4112.307617,5137.436035,4321.025879,4264.102539,4083.5898439999996,0.0,4.0,77.0,,,,0.0,4.0,0.0,2.0,0.0,4.0,16.666666,,,,,,,,,,,,,,,,,,,,,,,,,,,,,,,,,,,,,,,,,,,,,,,,,,,,,,0.0,0.0,1.0,0.0,128.0,1.0,,,,,,,,,,,,,,,,,,,,,,,,,
16119,1650412997.901066,1650412997.903465,62.0,0.0,4107.692383,5154.871582,4295.897461,4264.102539,4082.0512700000004,0.0,4.0,77.0,,,,0.0,4.0,0.0,2.0,0.0,4.0,16.666666,,,,,,,,31.0,0.0,0.26555300000000004,-0.41503900000000005,0.517334,0.699707,0.854017,-0.508309,-0.12451400000000001,-0.044479000000000005,-0.058349,-0.014577000000000001,,,,,,,,,,,,,,,,,,,,,,,,,,,,,,,,,,,,,,,,,,,,,,,,,,,,,,,,,,,,,,,,,
16120,1650412997.908881,1650412997.9112802,63.0,0.0,4115.897461,5142.563965,4275.384765999999,4264.102539,4076.4101560000004,0.0,4.0,77.0,,,,0.0,4.0,0.0,2.0,0.0,4.0,16.666666,,,,,,,,,,,,,,,,,,,,,,,,,,,,,,,,,,,,,,,,,,,,,,,,,,,,,,,,,,,,,,,,,,,,,,,,,,,,,,,,,,,,
16121,1650412997.9166949,1650412997.919195,64.0,0.0,4123.077147999999,5220.512695,4292.820313,4264.102539,4057.4357909999994,450.0,4.0,77.0,,,,0.0,4.0,0.0,2.0,0.0,4.0,16.666666,,,,,,,,32.0,0.0,0.265934,-0.41479499999999997,0.517334,0.699707,0.854994,-0.504891,-0.13086099999999998,-0.044475,-0.058325,-0.016146,,,,,,,,,,,,,,,,,,,,,,,,,,,,,,,,,,,,,,,,,,,,,,,,,,,,,,,,,,,,,,,,,
16122,1650412997.92451,1650412997.92701,65.0,0.0,4125.128418,5329.230957,4303.077147999999,4264.102539,4068.718018,450.0,4.0,77.0,,,,0.0,4.0,0.0,2.0,0.0,4.0,16.666666,,,,,,,,,,,,,,,,,,,,,,,,,,,,,,,,,,,,,,,,,,,,,,,,,,,,,,0.0,0.0,1.0,0.0,128.0,1.0,,,,,,,,,,,,,,,,,,,,,,,,,
16123,1650412997.932325,1650412997.9349241,66.0,0.0,4120.512695,5318.461426,4286.666504,4264.102539,4094.358887,16173.0,4.0,77.0,,,,0.0,4.0,0.0,2.0,0.0,4.0,16.666666,,,,,,,,33.0,0.0,0.265291,-0.41479499999999997,0.517334,0.699951,0.862318,-0.507332,-0.121584,-0.04452,-0.0584,-0.014238999999999998,,,,,,,,,,,,,,,,,,,,,,,,,,,,,,,,,,,,,,,,,,,,,,,,,,,,,,,,,,,,,,,,,
16124,1650412997.940139,1650412997.942739,67.0,0.0,4107.179688,5276.410156,4285.128418,4264.102539,4088.718018,450.0,4.0,77.0,,,,0.0,4.0,0.0,2.0,0.0,4.0,16.666666,,,,,,,,,,,,,,,,,,,,,,,,,,,,,,,,,,,,,,,,,,,,,,,,,,,,,,,,,,,,,,,,,,,,,,,,,,,,,,,,,,,,
16125,1650412997.947954,1650412997.9506538,68.0,0.0,4117.436035,5374.871582,4306.153809,4264.102539,4082.5642090000006,0.0,4.0,77.0,,,,0.0,4.0,0.0,4.0,0.0,4.0,33.333332,,,,,,,,34.0,0.0,0.265196,-0.414551,0.517578,0.699951,0.8608530000000001,-0.504891,-0.122072,-0.044511,-0.05842000000000001,-0.015842,,,,,,,,,,,,,,,,,,,,,,,,,,,,,,,,,,,,,,,,,,,,,,,,,,,,,,,,,,,,,,,,,
16126,1650412997.9557679,1650412997.958469,69.0,0.0,4137.94873,5506.153809,4306.153809,4264.102539,4084.615479,450.0,4.0,77.0,,,,0.0,4.0,0.0,4.0,0.0,4.0,33.333332,,,,,,,,,,,,,,,,,,,,,,,,,,,,,,,,,,,,,,,,,,,,,,,,,,,,,,0.0,0.0,1.0,0.0,128.0,1.0,,,,,,,,,,,,,,,,,,,,,,,,,
16127,1650412997.963583,1650412997.966284,70.0,0.0,4130.769043,5462.563965,4271.282227000001,4264.102539,4078.974365,16076.0,4.0,77.0,,,,0.0,4.0,0.0,4.0,0.0,4.0,33.333332,,,,,,,,35.0,0.0,0.265196,-0.414551,0.517578,0.699951,0.862318,-0.495613,-0.120119,-0.044552,-0.058437,-0.017285,,,,,,,,,,,,,,,,,,,,,,,,,,,,,,,,,,,,,,,,,,,,,,,,,,,,,,,,,,,,,,,,,
16128,1650412997.971398,1650412997.974198,71.0,0.0,4118.461426,5419.487305,4260.0,4264.102539,4083.076904,450.0,4.0,77.0,,,,0.0,4.0,0.0,4.0,0.0,4.0,33.333332,,,,,,,,,,,,,,,,,,,,,,,,,,,,,,,,,,,,,,,,,,,,,,,,,,,,,,,,,,,,,,,,,,,,,,,,,,,,,,,,,,,,
16129,1650412997.9792118,1650412997.982013,72.0,0.0,4131.282227000001,5572.820313,4292.307617,4264.102539,4096.410156,450.0,4.0,77.0,,,,0.0,4.0,0.0,4.0,0.0,4.0,33.333332,,,,,,,,36.0,0.0,0.265196,-0.414551,0.517578,0.699951,0.8740370000000001,-0.516121,-0.11035299999999999,-0.044638,-0.058502,-0.018633,,,,,,,,,,,,,,,,,,,,,,,,,,,,,,,,,,,,,,,,,,,,,,,,,,,,,,,,,,,,,,,,,
16130,1650412997.987027,1650412997.989928,73.0,0.0,4153.333496,5677.436035,4303.589844,4264.102539,4106.153809,0.0,4.0,77.0,,,,0.0,4.0,0.0,4.0,0.0,4.0,33.333332,1.0,0.0,1.0,0.0,2.0,0.0,0.0,,,,,,,,,,,,,1.0,0.0,0.0,,,,,,,,,,,,,,,,,,,,,,,,,,,,,,,,0.0,0.0,1.0,0.0,128.0,1.0,440.42352300000005,151.51760900000002,46.98444,19.006952,1.784044,5642.274414,1471.217773,507.983154,129.285492,19.650303,2.730841,1.473239,1.463258,1.9630509999999999,1.530051,0.115808,0.0349,0.047298,0.022484,0.008688,603.2305299999999,99.886208,26.226840999999997,17.852631,12.071422
16131,1650412997.994841,1650412997.997743,74.0,0.0,4152.307617,5602.563965,4283.077147999999,4264.102539,4110.769043,450.0,4.0,77.0,,,,0.0,4.0,0.0,4.0,0.0,4.0,33.333332,,,,,,,,37.0,0.0,0.265196,-0.414551,0.517578,0.699951,0.8618299999999999,-0.502937,-0.127932,-0.044618,-0.058609,-0.019747999999999998,,,,,,,,,,,,,,,,,,,,,,,,,,,,,,,,,,,,,,,,,,,,,,,,,,,,,,,,,,,,,,,,,
16132,1650412998.002656,1650412998.005658,75.0,0.0,4133.333496,5591.282227000001,4295.384765999999,4264.102539,4100.512695,16182.0,4.0,77.0,,,,0.0,4.0,0.0,4.0,0.0,4.0,33.333332,,,,,,,,,,,,,,,,,,,,,,,,,,,,,,,,,,,,,,,,,,,,,,,,,,,,,,,,,,,,,,,,,,,,,,,,,,,,,,,,,,,,
16133,1650412998.010471,1650412998.013473,76.0,0.0,4133.846191,5648.717772999999,4317.436035,4264.102539,4103.589844,450.0,4.0,77.0,,,,0.0,4.0,0.0,4.0,0.0,4.0,33.333332,,,,,,,,38.0,0.0,0.264814,-0.41479499999999997,0.517578,0.699951,0.8603649999999999,-0.508309,-0.11572400000000001,-0.044599,-0.05865599999999999,-0.020752,,,,,,,,,,,,,,,,,,,,,,,,,,,,,,,,,,,,,,,,,,,,,,,,,,,,,,,,,,,,,,,,,
16134,1650412998.018285,1650412998.0213869,77.0,0.0,4157.94873,5642.05127,4303.589844,4264.102539,4143.589844,450.0,4.0,77.0,,,,0.0,4.0,0.0,4.0,0.0,4.0,33.333332,,,,,,,,,,,,,,,,,,,,,,,,,,,,,,,,,,,,,,,,,,,,,,,,,,,,,,0.0,0.0,1.0,0.0,128.0,1.0,,,,,,,,,,,,,,,,,,,,,,,,,
16135,1650412998.0261,1650412998.029202,78.0,0.0,4176.922852000001,5656.410156,4300.0,4264.102539,4163.077147999999,450.0,4.0,77.0,,,,0.0,4.0,0.0,4.0,0.0,4.0,33.333332,,,,,,,,39.0,0.0,0.264814,-0.41479499999999997,0.517578,0.699951,0.8593879999999999,-0.51075,-0.11767799999999999,-0.044534,-0.05865,-0.021703999999999998,,,,,,,,,,,,,,,,,,,,,,,,,,,,,,,,,,,,,,,,,,,,,,,,,,,,,,,,,,,,,,,,,
16136,1650412998.033914,1650412998.037117,79.0,0.0,4189.743652,5700.0,4311.282227000001,4264.102539,4150.256348,16182.0,4.0,77.0,,,,0.0,4.0,0.0,4.0,0.0,4.0,33.333332,,,,,,,,,,,,,,,,,,,,,,,,,,,,,,,,,,,,,,,,,,,,,,,,,,,,,,,,,,,,,,,,,,,,,,,,,,,,,,,,,,,,
16137,1650412998.041729,1650412998.045032,80.0,0.0,4197.94873,5713.846191,4312.820313,4264.102539,4142.05127,450.0,4.0,77.0,,,,0.0,4.0,0.0,4.0,0.0,4.0,33.333332,,,,,,,,40.0,0.0,0.264814,-0.41479499999999997,0.517578,0.699951,0.862806,-0.504891,-0.122072,-0.044475,-0.058692999999999995,-0.019339,,,,,,,,,,,,,,,,,,,,,,,,,,,,,,,,,,,,,,,,,,,,,,,,,,,,,,,,,,,,,,,,,
16138,1650412998.0495439,1650412998.0528471,81.0,0.0,4188.205078,5764.102539,4311.282227000001,4264.102539,4131.794922,450.0,4.0,77.0,,,,0.0,4.0,0.0,4.0,0.0,4.0,33.333332,,,,,,,,,,,,,,,,,,,,,,,,,,,,,,,,,,,,,,,,,,,,,,,,,,,,,,0.0,0.0,1.0,0.0,128.0,1.0,,,,,,,,,,,,,,,,,,,,,,,,,
16139,1650412998.057358,1650412998.060662,82.0,0.0,4183.589844,5852.307617,4305.128418,4264.102539,4128.205078,450.0,4.0,77.0,,,,0.0,4.0,0.0,4.0,0.0,4.0,33.333332,,,,,,,,41.0,0.0,0.264814,-0.41479499999999997,0.517578,0.699951,0.870619,-0.520516,-0.123049,-0.04452,-0.05878099999999999,-0.020286000000000002,,,,,,,,,,,,,,,,,,,,,,,,,,,,,,,,,,,,,,,,,,,,,,,,,,,,,,,,,,,,,,,,,
16140,1650412998.0651731,1650412998.0685759,83.0,0.0,4184.102539,5880.0,4285.641113000001,4264.102539,4132.820313,16182.0,4.0,77.0,,,,0.0,4.0,0.0,4.0,0.0,4.0,33.333332,,,,,,,,,,,,,,,,,,,,,,,,,,,,,,,,,,,,,,,,,,,,,,,,,,,,,,,,,,,,,,,,,,,,,,,,,,,,,,,,,,,,
16141,1650412998.0729868,1650412998.076391,84.0,0.0,4172.820313,5881.025879,4289.743652,4264.102539,4129.230957,450.0,4.0,77.0,,,,0.0,4.0,0.0,4.0,0.0,4.0,33.333332,,,,,,,,42.0,0.0,0.264814,-0.41479499999999997,0.517578,0.699951,0.8686659999999999,-0.502937,-0.118654,-0.044608999999999996,-0.058811,-0.018013,,,,,,,,,,,,,,,,,,,,,,,,,,,,,,,,,,,,,,,,,,,,,,,,,,,,,,,,,,,,,,,,,
16142,1650412998.080802,1650412998.084206,85.0,0.0,4176.410156,5908.717772999999,4310.769043,4264.102539,4142.563965,450.0,4.0,77.0,,,,0.0,4.0,0.0,4.0,0.0,4.0,33.333332,,,,,,,,,,,,,,,,,,,,,,,,,,,,,,,,,,,,,,,,,,,,,,,,,,,,,,0.0,0.0,1.0,0.0,128.0,1.0,,,,,,,,,,,,,,,,,,,,,,,,,
16143,1650412998.0886161,1650412998.0921211,86.0,0.0,4189.230957,5931.282227000001,4303.077147999999,4264.102539,4155.897461,450.0,4.0,77.0,,,,0.0,4.0,0.0,4.0,0.0,4.0,33.333332,,,,,,,,43.0,0.0,0.264814,-0.41479499999999997,0.517578,0.699951,0.869642,-0.510262,-0.11523599999999999,-0.04464,-0.058789999999999995,-0.016016,,,,,,,,,,,,,,,,,,,,,,,,,,,,,,,,,,,,,,,,,,,,,,,,,,,,,,,,,,,,,,,,,
16144,1650412998.096431,1650412998.099936,87.0,0.0,4175.897461,5963.077147999999,4288.205078,4264.102539,4138.461426,16182.0,4.0,77.0,,,,0.0,4.0,0.0,4.0,0.0,4.0,33.333332,,,,,,,,,,,,,,,,,,,,,,,,,,,,,,,,,,,,,,,,,,,,,,,,,,,,,,,,,,,,,,,,,,,,,,,,,,,,,,,,,,,,
16145,1650412998.1042461,1650412998.107851,88.0,0.0,4166.153809,5988.205078,4296.410156,4264.102539,4132.307617,450.0,4.0,77.0,,,,0.0,4.0,0.0,4.0,0.0,4.0,33.333332,,,,,,,,44.0,0.0,0.264814,-0.41479499999999997,0.517578,0.699951,0.870619,-0.520516,-0.123049,-0.044571,-0.058819,-0.014218999999999999,,,,,,,,,,,,,,,,,,,,,,,,,,,,,,,,,,,,,,,,,,,,,,,,,,,,,,,,,,,,,,,,,
16146,1650412998.11206,1650412998.115665,89.0,0.0,4167.692383,5959.487305,4293.846191,4264.102539,4130.256348,450.0,4.0,77.0,,,,0.0,4.0,0.0,4.0,0.0,4.0,33.333332,,,,,,,,,,,,,,,,,,,,1.0,0.0,0.0,,,,,,,,,,,,,,,,,,,,,,,,,,,,,,,,0.0,0.0,1.0,0.0,128.0,1.0,412.988525,121.031174,35.844124,13.502416,1.4435069999999999,3296.9689940000003,859.285034,303.97076400000003,75.20558199999999,12.740603,2.424569,1.5871,1.562417,1.576548,1.386482,0.131525,0.030284,0.036567,0.016367,0.007670999999999999,522.390137,87.849373,23.433660999999997,17.095289,11.545567
16147,1650412998.119875,1650412998.12358,90.0,0.0,4144.102539,5950.256348,4274.871582,4264.102539,4096.410156,450.0,4.0,77.0,,,,0.0,4.0,0.0,4.0,0.0,4.0,33.333332,,,,,,,,45.0,0.0,0.264814,-0.41479499999999997,0.517578,0.699951,0.8569469999999999,-0.5039140000000001,-0.11816600000000001,-0.04446,-0.058748,-0.012553,,,,,,,,,,,,,,,,,,,,,,,,,,,,,,,,,,,,,,,,,,,,,,,,,,,,,,,,,,,,,,,,,
16148,1650412998.1276891,1650412998.1313949,91.0,0.0,4136.922852000001,6012.820313,4279.487305,4264.102539,4103.589844,16182.0,4.0,77.0,,,,0.0,4.0,0.0,4.0,0.0,4.0,33.333332,,,,,,,,,,,,,,,,,,,,,,,,,,,,,,,,,,,,,,,,,,,,,,,,,,,,,,,,,,,,,,,,,,,,,,,,,,,,,,,,,,,,
16149,1650412998.135504,1650412998.13931,92.0,0.0,4170.256348,6058.461426,4301.025879,4264.102539,4157.94873,450.0,4.0,77.0,,,,0.0,4.0,0.0,4.0,0.0,4.0,33.333332,,,,,,,,46.0,0.0,0.26443099999999997,-0.41503900000000005,0.517578,0.699951,0.879408,-0.505867,-0.12255999999999999,-0.044311,-0.058684,-0.014275999999999999,,,,,,,,,,,,,,,,,,,,,,,,,,,,,,,,,,,,,,,,,,,,,,,,,,,,,,,,,,,,,,,,,
16150,1650412998.143319,1650412998.147125,93.0,0.0,4177.94873,6062.05127,4300.512695,4264.102539,4158.974121,450.0,4.0,77.0,,,,0.0,4.0,0.0,4.0,0.0,4.0,33.333332,,,,,,,,,,,,,,,,,,,,,,,,,,,,,,,,,,,,,,,,,,,,,,,,,,,,,,0.0,0.0,1.0,0.0,128.0,1.0,,,,,,,,,,,,,,,,,,,,,,,,,
16151,1650412998.151133,1650412998.1549401,94.0,0.0,4151.794922,6072.820313,4289.230957,4264.102539,4121.025879,450.0,4.0,77.0,,,,0.0,4.0,0.0,4.0,0.0,4.0,33.333332,,,,,,,,47.0,0.0,0.26443099999999997,-0.41503900000000005,0.517578,0.699951,0.8535290000000001,-0.503426,-0.11718900000000002,-0.044372,-0.058675,-0.012654,,,,,,,,,,,,,,,,,,,,,,,,,,,,,,,,,,,,,,,,,,,,,,,,,,,,,,,,,,,,,,,,,
16152,1650412998.158948,1650412998.162854,95.0,0.0,4147.179688,6077.436035,4292.307617,4264.102539,4117.436035,16182.0,4.0,77.0,,,,0.0,4.0,0.0,4.0,0.0,4.0,33.333332,,,,,,,,,,,,,,,,,,,,,,,,,,,,,,,,,,,,,,,,,,,,,,,,,,,,,,,,,,,,,,,,,,,,,,,,,,,,,,,,,,,,
16153,1650412998.1667619,1650412998.1706688,96.0,0.0,4155.897461,6084.615234000001,4294.871582,4264.102539,4121.538574,450.0,4.0,77.0,,,,0.0,4.0,0.0,4.0,0.0,4.0,33.333332,,,,,,,,48.0,0.0,0.264908,-0.41503900000000005,0.517334,0.699951,0.8730600000000001,-0.503426,-0.122072,-0.044573,-0.05852,-0.014367,,,,,,,,,,,,,,,,,,,,,,,,,,,,,,,,,,,,,,,,,,,,,,,,,,,,,,,,,,,,,,,,,
16154,1650412998.174577,1650412998.178584,97.0,0.0,4153.333496,6076.410156,4278.461426,4264.102539,4109.230957,450.0,4.0,77.0,,,,0.0,4.0,0.0,4.0,0.0,4.0,33.333332,,,,,,,,,,,,,,,,,,,,,,,,,,,,,,,,,,,,,,,,,,,,,,,,,,,,,,0.0,0.0,1.0,0.0,128.0,1.0,,,,,,,,,,,,,,,,,,,,,,,,,
16155,1650412998.182392,1650412998.186499,98.0,0.0,4153.333496,6017.436035,4274.358886999999,4264.102539,4104.615234000001,450.0,4.0,77.0,,,,0.0,4.0,0.0,4.0,0.0,4.0,33.333332,,,,,,,,49.0,0.0,0.26452600000000004,-0.415283,0.517334,0.699951,0.870619,-0.5039140000000001,-0.11767799999999999,-0.044462,-0.058625,-0.012881,,,,,,,,,,,,,,,,,,,,,,,,,,,,,,,,,,,,,,,,,,,,,,,,,,,,,,,,,,,,,,,,,
16156,1650412998.190206,1650412998.194314,99.0,0.0,4155.897461,6023.077147999999,4291.282227000001,4264.102539,4102.563965,16182.0,4.0,77.0,,,,0.0,4.0,0.0,4.0,0.0,4.0,33.333332,,,,,,,,,,,,,,,,,,,,,,,,,,,,,,,,,,,,,,,,,,,,,,,,,,,,,,,,,,,,,,,,,,,,,,,,,,,,,,,,,,,,
16157,1650412998.1980212,1650412998.202129,100.0,0.0,4156.922852000001,6096.410156,4308.717772999999,4264.102539,4103.589844,450.0,4.0,77.0,,,,0.0,4.0,0.0,4.0,0.0,4.0,33.333332,,,,,,,,50.0,0.0,0.26452600000000004,-0.415283,0.517334,0.699951,0.8481569999999999,-0.514656,-0.125002,-0.044508,-0.058573,-0.014572,,,,,,,,,,,,,,,,,,,,,,,,,,,,,,,,,,,,,,,,,,,,,,,,,,,,,,,,,,,,,,,,,
16158,1650412998.2058358,1650412998.210043,101.0,0.0,4164.615234000001,6100.0,4302.05127,4264.102539,4117.94873,450.0,4.0,77.0,,,,0.0,4.0,0.0,4.0,0.0,4.0,33.333332,,,,,,,,,,,,,,,,,,,,,,,,,,,,,,,,,,,,,,,,,,,,,,,,,,,,,,0.0,0.0,1.0,0.0,128.0,1.0,,,,,,,,,,,,,,,,,,,,,,,,,
16159,1650412998.21365,1650412998.217958,102.0,0.0,4173.333496,6069.230957,4289.743652,4264.102539,4127.179688,450.0,4.0,77.0,,,,0.0,4.0,0.0,4.0,0.0,4.0,33.333332,,,,,,,,51.0,0.0,0.26452600000000004,-0.415283,0.517334,0.699951,0.867201,-0.5195390000000001,-0.122072,-0.044452,-0.058526999999999996,-0.012968,,,,,,,,,,,,,,,,,,,,,,,,,,,,,,,,,,,,,,,,,,,,,,,,,,,,,,,,,,,,,,,,,
16160,1650412998.221465,1650412998.225773,103.0,0.0,4166.153809,6126.153809,4289.743652,4264.102539,4118.974121,16182.0,4.0,77.0,,,,0.0,4.0,0.0,4.0,0.0,4.0,33.333332,,,,,,,,,,,,,,,,,,,,,,,,,,,,,,,,,,,,,,,,,,,,,,,,,,,,,,,,,,,,,,,,,,,,,,,,,,,,,,,,,,,,
16161,1650412998.2292788,1650412998.233688,104.0,0.0,4148.717772999999,6210.769043,4285.641113000001,4264.102539,4111.794922,450.0,4.0,77.0,,,,0.0,4.0,0.0,4.0,0.0,4.0,33.333332,,,,,,,,52.0,0.0,0.26452600000000004,-0.415283,0.517334,0.699951,0.87892,-0.5039140000000001,-0.12842,-0.044499000000000004,-0.058485,-0.01465,,,,,,,,,,,,,,,,,,,,,,,,,,,,,,,,,,,,,,,,,,,,,,,,,,,,,,,,,,,,,,,,,
16162,1650412998.237094,1650412998.241503,105.0,0.0,4150.769043,6191.282227000001,4275.897461,4264.102539,4107.692383,450.0,4.0,77.0,,,,0.0,4.0,0.0,4.0,0.0,4.0,33.333332,,,,,,,,,,,,,,,,,,,,1.0,0.0,0.0,,,,,,,,,,,,,,,,,,,,,,,,,,,,,,,,0.0,0.0,1.0,0.0,128.0,1.0,345.392609,85.071632,23.567652,8.228635,1.148909,1472.8959960000002,388.891327,148.353241,34.518105,8.640316,2.130665,1.629574,1.559442,1.2382879999999998,1.3017299999999998,0.133762,0.025301,0.025431,0.010974,0.006458,406.283142,67.440117,18.729525,15.049612,10.037913
16163,1650412998.244909,1650412998.249418,106.0,0.0,4168.205078,6163.589844,4278.461426,4264.102539,4111.794922,450.0,4.0,77.0,,,,0.0,4.0,0.0,4.0,0.0,4.0,33.333332,,,,,,,,53.0,0.0,0.26431,-0.41552700000000004,0.517578,0.699707,0.8725719999999999,-0.49951899999999994,-0.10254100000000001,-0.044395,-0.058544000000000006,-0.013038,,,,,,,,,,,,,,,,,,,,,,,,,,,,,,,,,,,,,,,,,,,,,,,,,,,,,,,,,,,,,,,,,
16164,1650412998.252723,1650412998.257232,107.0,0.0,4162.05127,6191.794922,4292.307617,4264.102539,4101.538574,16182.0,4.0,77.0,,,,0.0,4.0,0.0,4.0,0.0,4.0,33.333332,,,,,,,,,,,,,,,,,,,,,,,,,,,,,,,,,,,,,,,,,,,,,,,,,,,,,,,,,,,,,,,,,,,,,,,,,,,,,,,,,,,,
16165,1650412998.260538,1650412998.265047,108.0,0.0,4135.384765999999,6195.897461,4283.077147999999,4264.102539,4072.3076170000004,450.0,4.0,77.0,,,,0.0,4.0,0.0,4.0,0.0,4.0,33.333332,,,,,,,,54.0,0.0,0.26431,-0.41552700000000004,0.517578,0.699707,0.8686659999999999,-0.501961,-0.113283,-0.044447,-0.058598000000000004,-0.01486,,,,,,,,,,,,,,,,,,,,,,,,,,,,,,,,,,,,,,,,,,,,,,,,,,,,,,,,,,,,,,,,,
16166,1650412998.268352,1650412998.2729619,109.0,0.0,4136.922852000001,6184.615234000001,4266.666504,4264.102539,4081.538574,450.0,4.0,77.0,,,,0.0,4.0,0.0,4.0,0.0,4.0,33.333332,,,,,,,,,,,,,,,,,,,,,,,,,,,,,,,,,,,,,,,,,,,,,,,,,,,,,,0.0,0.0,1.0,0.0,128.0,1.0,,,,,,,,,,,,,,,,,,,,,,,,,
16167,1650412998.276167,1650412998.280777,110.0,0.0,4145.128418,6206.666504,4276.922852000001,4264.102539,4097.94873,450.0,4.0,77.0,,,,0.0,4.0,0.0,4.0,0.0,4.0,33.333332,,,,,,,,55.0,0.0,0.26431,-0.41552700000000004,0.517578,0.699707,0.870619,-0.5024489999999999,-0.10351700000000001,-0.044495,-0.058696000000000005,-0.016352000000000002,,,,,,,,,,,,,,,,,,,,,,,,,,,,,,,,,,,,,,,,,,,,,,,,,,,,,,,,,,,,,,,,,
16168,1650412998.283982,1650412998.288692,111.0,0.0,4121.025879,6234.358886999999,4276.922852000001,4264.102539,4076.4101560000004,16182.0,4.0,77.0,,,,0.0,4.0,0.0,4.0,0.0,4.0,33.333332,,,,,,,,,,,,,,,,,,,,,,,,,,,,,,,,,,,,,,,,,,,,,,,,,,,,,,,,,,,,,,,,,,,,,,,,,,,,,,,,,,,,
16169,1650412998.2917962,1650412998.2965071,112.0,0.0,4115.897461,6261.025879,4259.487305,4264.102539,4075.384521,450.0,4.0,77.0,,,,0.0,4.0,0.0,4.0,0.0,4.0,33.333332,,,,,,,,56.0,0.0,0.263832,-0.41552700000000004,0.517822,0.699707,0.8564579999999999,-0.497566,-0.106447,-0.044489,-0.058686,-0.01457,,,,,,,,,,,,,,,,,,,,,,,,,,,,,,,,,,,,,,,,,,,,,,,,,,,,,,,,,,,,,,,,,
16170,1650412998.2996109,1650412998.3044212,113.0,0.0,4147.692383,6333.846191,4261.025879,4264.102539,4095.897461,450.0,4.0,77.0,,,,0.0,4.0,0.0,4.0,0.0,4.0,33.333332,,,,,,,,,,,,,,,,,,,,,,,,,,,,,,,,,,,,,,,,,,,,,,,,,,,,,,0.0,0.0,1.0,0.0,128.0,1.0,,,,,,,,,,,,,,,,,,,,,,,,,
16171,1650412998.307425,1650412998.3122358,114.0,0.0,4161.538574,6321.025879,4265.128418,4264.102539,4080.512939,450.0,4.0,77.0,,,,0.0,4.0,0.0,4.0,0.0,4.0,33.333332,,,,,,,,57.0,0.0,0.263832,-0.41552700000000004,0.517822,0.699707,0.8520639999999999,-0.5097729999999999,-0.11133,-0.044337,-0.058628,-0.016092,,,,,,,,,,,,,,,,,,,,,,,,,,,,,,,,,,,,,,,,,,,,,,,,,,,,,,,,,,,,,,,,,
16172,1650412998.3152401,1650412998.320151,115.0,0.0,4154.358886999999,6235.384765999999,4265.641113000001,4264.102539,4066.6667479999996,16182.0,4.0,77.0,,,,0.0,4.0,0.0,4.0,0.0,4.0,33.333332,,,,,,,,,,,,,,,,,,,,,,,,,,,,,,,,,,,,,,,,,,,,,,,,,,,,,,,,,,,,,,,,,,,,,,,,,,,,,,,,,,,,
16173,1650412998.323055,1650412998.327966,116.0,0.0,4146.153809,6292.307617,4289.743652,4264.102539,4085.1281740000004,450.0,4.0,77.0,,,,0.0,4.0,0.0,4.0,0.0,4.0,33.333332,,,,,,,,58.0,0.0,0.26366300000000004,-0.41552700000000004,0.517578,0.699951,0.8642709999999999,-0.511238,-0.113283,-0.044298000000000004,-0.058575,-0.017412,,,,,,,,,,,,,,,,,,,,,,,,,,,,,,,,,,,,,,,,,,,,,,,,,,,,,,,,,,,,,,,,,
16174,1650412998.330869,1650412998.335881,117.0,0.0,4144.102539,6425.128418,4302.05127,4264.102539,4095.897461,450.0,4.0,77.0,,,,0.0,4.0,0.0,4.0,0.0,4.0,33.333332,,,,,,,,,,,,,,,,,,,,,,,,,,,,,,,,,,,,,,,,,,,,,,,,,,,,,,0.0,0.0,1.0,0.0,128.0,1.0,,,,,,,,,,,,,,,,,,,,,,,,,
16175,1650412998.338684,1650412998.343796,118.0,0.0,4150.256348,6441.538574,4268.205078,4264.102539,4089.743652,450.0,4.0,77.0,,,,0.0,4.0,0.0,4.0,0.0,4.0,33.333332,,,,,,,,59.0,0.0,0.26366300000000004,-0.41552700000000004,0.517578,0.699951,0.8603649999999999,-0.536629,-0.11718900000000002,-0.044360000000000004,-0.058577,-0.01865,,,,,,,,,,,,,,,,,,,,,,,,,,,,,,,,,,,,,,,,,,,,,,,,,,,,,,,,,,,,,,,,,
16176,1650412998.346499,1650412998.35161,119.0,0.0,4143.589844,6430.256348,4253.846191,4264.102539,4068.205078,16182.0,4.0,77.0,,,,0.0,4.0,0.0,4.0,0.0,4.0,33.333332,,,,,,,,,,,,,,,,,,,,,,,,,,,,,,,,,,,,,,,,,,,,,,,,,,,,,,,,,,,,,,,,,,,,,,,,,,,,,,,,,,,,
16177,1650412998.3543131,1650412998.359525,120.0,0.0,4121.538574,6515.897461,4271.282227000001,4264.102539,4037.4357909999994,450.0,4.0,77.0,,,,0.0,4.0,0.0,4.0,0.0,4.0,33.333332,,,,,,,,60.0,0.0,0.263832,-0.41552700000000004,0.517822,0.699707,0.8520639999999999,-0.5097729999999999,-0.11133,-0.044220999999999996,-0.05853,-0.019763,,,,,,,,,,,,,,,,,,,,,,,,,,,,,,,,,,,,,,,,,,,,,,,,,,,,,,,,,,,,,,,,,
16178,1650412998.362128,1650412998.36734,121.0,0.0,4134.358886999999,6591.282227000001,4264.615234000001,4264.102539,4041.538574,450.0,4.0,77.0,,,,0.0,4.0,0.0,4.0,0.0,4.0,33.333332,,,,,,,,,,,,,,,,,,,,1.0,0.0,0.0,,,,,,,,,,,,,,,,,,,,,,,,,,,,,,,,0.0,0.0,1.0,0.0,128.0,1.0,252.73896800000003,52.19939,13.191125,4.3982730000000005,0.9610120000000001,461.746094,125.90655500000001,62.090092000000006,12.722754,8.11107,2.0412049999999997,1.602883,1.449043,1.038409,1.3447790000000002,0.11868699999999999,0.019280000000000002,0.0157,0.0067659999999999994,0.004973,279.308502,44.850967,13.500696,12.279703999999999,7.98618
16179,1650412998.369942,1650412998.375255,122.0,0.0,4155.897461,6647.179688,4254.358886999999,4264.102539,4049.743652,450.0,4.0,77.0,,,,0.0,4.0,0.0,4.0,0.0,4.0,33.333332,,,,,,,,61.0,0.0,0.26366300000000004,-0.41552700000000004,0.517578,0.699951,0.8501110000000001,-0.5234449999999999,-0.124025,-0.044194,-0.058488,-0.017641,,,,,,,,,,,,,,,,,,,,,,,,,,,,,,,,,,,,,,,,,,,,,,,,,,,,,,,,,,,,,,,,,
16180,1650412998.377757,1650412998.38307,123.0,0.0,4144.102539,6739.487305,4272.307617,4264.102539,4016.923096,16182.0,4.0,77.0,,,,0.0,4.0,0.0,4.0,0.0,4.0,33.333332,,,,,,,,,,,,,,,,,,,,,,,,,,,,,,,,,,,,,,,,,,,,,,,,,,,,,,,,,,,,,,,,,,,,,,,,,,,,,,,,,,,,
16181,1650412998.385572,1650412998.3908849,124.0,0.0,4146.666504,6794.871581999999,4289.743652,4264.102539,4019.487061,450.0,4.0,77.0,,,,0.0,4.0,0.0,4.0,0.0,4.0,33.333332,,,,,,,,62.0,0.0,0.263183,-0.41552700000000004,0.517822,0.699951,0.863294,-0.529305,-0.129885,-0.044218,-0.058352,-0.018855,,,,,,,,,,,,,,,,,,,,,,,,,,,,,,,,,,,,,,,,,,,,,,,,,,,,,,,,,,,,,,,,,
16182,1650412998.393386,1650412998.398799,125.0,0.0,4164.615234000001,6782.05127,4277.94873,4264.102539,4060.512939,450.0,4.0,77.0,,,,0.0,4.0,0.0,4.0,0.0,4.0,33.333332,,,,,,,,,,,,,,,,,,,,,,,,,,,,,,,,,,,,,,,,,,,,,,,,,,,,,,0.0,0.0,1.0,0.0,128.0,1.0,,,,,,,,,,,,,,,,,,,,,,,,,
16183,1650412998.401201,1650412998.406614,126.0,0.0,4156.922852000001,6776.410156,4268.205078,4264.102539,4049.2307130000004,450.0,4.0,77.0,,,,0.0,4.0,0.0,4.0,0.0,4.0,33.333332,,,,,,,,63.0,0.0,0.263183,-0.41552700000000004,0.517822,0.699951,0.855482,-0.515145,-0.111818,-0.044288,-0.058376,-0.020046,,,,,,,,,,,,,,,,,,,,,,,,,,,,,,,,,,,,,,,,,,,,,,,,,,,,,,,,,,,,,,,,,
16184,1650412998.409015,1650412998.4145288,127.0,0.0,4146.153809,6833.846191,4294.871582,4264.102539,4013.8461909999996,239.0,4.0,77.0,,,,0.0,4.0,0.0,4.0,0.0,4.0,33.333332,,,,,,,,,,,,,,,,,,,,,,,,,,,,,,,,,,,,,,,,,,,,,,,,,,,,,,,,,,,,,,,,,,,,,,,,,,,,,,,,,,,,
16185,1650412998.41683,1650412998.422344,0.0,0.0,4153.333496,6902.563965,4305.641113000001,4264.102539,4024.615479,450.0,4.0,77.0,,,,0.0,4.0,0.0,4.0,0.0,4.0,33.333332,,,,,,,,0.0,0.0,0.263832,-0.41552700000000004,0.517822,0.699707,0.8715950000000001,-0.5078199999999999,-0.10498199999999999,-0.044254,-0.058447000000000006,-0.02102,,,,,,,,,,,,,,,,,,,,,,,,,,,,,,,,,,,,,,,,,,,,,,,,,,,,,,,,,,,,,,,,,
16186,1650412998.424645,1650412998.430259,1.0,0.0,4156.922852000001,6904.102539,4275.384765999999,4264.102539,4039.487061,450.0,4.0,77.0,,,,0.0,4.0,0.0,4.0,0.0,4.0,33.333332,,,,,,,,,,,,,,,,,,,,,,,,,,,,,,,,,,,,,,,,,,,,,,,,,,,,,,0.0,0.0,1.0,0.0,128.0,1.0,,,,,,,,,,,,,,,,,,,,,,,,,
16187,1650412998.4324589,1650412998.438074,2.0,0.0,4153.333496,6861.538573999999,4255.384765999999,4264.102539,4022.0512700000004,16208.0,4.0,77.0,,,,0.0,4.0,0.0,4.0,0.0,4.0,33.333332,,,,,,,,1.0,0.0,0.263832,-0.41552700000000004,0.517822,0.699707,0.8501110000000001,-0.502937,-0.113771,-0.044321,-0.058364,-0.018771,,,,,,,,,,,,,,,,,,,,,,,,,,,,,,,,,,,,,,,,,,,,,,,,,,,,,,,,,,,,,,,,,
16188,1650412998.440274,1650412998.4459882,3.0,0.0,4156.922852000001,6838.974120999999,4265.128418,4264.102539,4014.8718259999996,450.0,4.0,77.0,,,,0.0,4.0,0.0,4.0,0.0,4.0,33.333332,,,,,,,,,,,,,,,,,,,,,,,,,,,,,,,,,,,,,,,,,,,,,,,,,,,,,,,,,,,,,,,,,,,,,,,,,,,,,,,,,,,,
16189,1650412998.4480882,1650412998.453903,4.0,0.0,4160.0,6850.769043000001,4270.256348,4264.102539,4019.487061,0.0,4.0,77.0,,,,0.0,4.0,0.0,4.0,0.0,4.0,33.333332,,,,,,,,2.0,0.0,0.263832,-0.41552700000000004,0.517822,0.699707,0.866712,-0.516609,-0.125978,-0.044331999999999996,-0.058534,-0.019873,,,,,,,,,,,,,,,,,,,,,,,,,,,,,,,,,,,,,,,,,,,,,,,,,,,,,,,,,,,,,,,,,
16190,1650412998.4559028,1650412998.461718,5.0,0.0,4148.717772999999,6872.820312999999,4273.333496,4264.102539,4015.897461,450.0,4.0,77.0,,,,0.0,4.0,0.0,4.0,0.0,4.0,33.333332,,,,,,,,,,,,,,,,,,,,,,,,,,,,,,,,,,,,,,,,,,,,,,,,,,,,,,0.0,0.0,1.0,0.0,128.0,1.0,,,,,,,,,,,,,,,,,,,,,,,,,
16191,1650412998.463718,1650412998.469633,6.0,0.0,4144.102539,6875.384765999999,4277.94873,4264.102539,4004.102539,243.0,4.0,77.0,,,,0.0,4.0,0.0,2.0,0.0,4.0,16.666666,,,,,,,,3.0,0.0,0.26431,-0.41552700000000004,0.517578,0.699707,0.8520639999999999,-0.495613,-0.106447,-0.044294,-0.058539999999999995,-0.01769,,,,,,,,,,,,,,,,,,,,,,,,,,,,,,,,,,,,,,,,,,,,,,,,,,,,,,,,,,,,,,,,,
16192,1650412998.471532,1650412998.477448,7.0,0.0,4155.384765999999,6865.128418000001,4269.743652,4264.102539,3992.3076170000004,450.0,4.0,77.0,,,,0.0,4.0,0.0,2.0,0.0,4.0,16.666666,,,,,,,,,,,,,,,,,,,,,,,,,,,,,,,,,,,,,,,,,,,,,,,,,,,,,,,,,,,,,,,,,,,,,,,,,,,,,,,,,,,,
16193,1650412998.479347,1650412998.485363,8.0,0.0,4151.794922,6910.769043000001,4269.230957,4264.102539,3984.615479,450.0,4.0,77.0,,,,0.0,4.0,0.0,2.0,0.0,4.0,16.666666,,,,,,,,4.0,0.0,0.26392600000000005,-0.415771,0.517578,0.699707,0.871107,-0.508797,-0.112795,-0.044308,-0.05854500000000001,-0.0189,,,,,,,,,,,,,,,,,,,,,,,,,,,,,,,,,,,,,,,,,,,,,,,,,,,,,,,,,,,,,,,,,
16194,1650412998.487161,1650412998.493177,9.0,0.0,4143.077147999999,6961.025879000001,4284.615234000001,4264.102539,3991.281982,0.0,4.0,77.0,,,,0.0,4.0,0.0,2.0,0.0,4.0,16.666666,1.0,0.0,1.0,0.0,2.0,0.0,0.0,,,,,,,,,,,,,1.0,0.0,0.0,,,,,,,,,,,,,,,,,,,,,,,,,,,,,,,,0.0,0.0,1.0,0.0,128.0,1.0,158.11326599999998,27.768853999999997,6.316711,2.357155,0.888705,84.506851,33.676449,31.464964000000002,5.896432,10.366694,2.198922,1.529951,1.2637479999999999,0.99971,1.512434,0.09035900000000001,0.012813999999999999,0.008619,0.0037670000000000004,0.0033469999999999997,164.915695,25.802104999999997,9.012972999999999,9.417733,5.903329
16195,1650412998.494976,1650412998.501092,10.0,0.0,4147.692383,6905.641113,4277.436035,4264.102539,4000.0,450.0,4.0,77.0,,,,0.0,4.0,0.0,2.0,0.0,4.0,16.666666,,,,,,,,5.0,0.0,0.26392600000000005,-0.415771,0.517578,0.699707,0.863783,-0.5180739999999999,-0.114748,-0.04432,-0.058453,-0.016863,,,,,,,,,,,,,,,,,,,,,,,,,,,,,,,,,,,,,,,,,,,,,,,,,,,,,,,,,,,,,,,,,
16196,1650412998.502791,1650412998.508907,11.0,0.0,4144.615234000001,6855.384765999999,4257.436035,4264.102539,3983.076904,16214.0,4.0,77.0,,,,0.0,4.0,0.0,2.0,0.0,4.0,16.666666,,,,,,,,,,,,,,,,,,,,,,,,,,,,,,,,,,,,,,,,,,,,,,,,,,,,,,,,,,,,,,,,,,,,,,,,,,,,,,,,,,,,
16197,1650412998.510605,1650412998.516822,12.0,0.0,4141.025879,6879.487305,4258.461426,4264.102539,3968.718018,450.0,4.0,77.0,,,,0.0,4.0,0.0,2.0,0.0,4.0,16.666666,,,,,,,,6.0,0.0,0.26392600000000005,-0.415771,0.517578,0.699707,0.8559700000000001,-0.505379,-0.124025,-0.044381,-0.058516,-0.015030000000000002,,,,,,,,,,,,,,,,,,,,,,,,,,,,,,,,,,,,,,,,,,,,,,,,,,,,,,,,,,,,,,,,,
16198,1650412998.51842,1650412998.524637,13.0,0.0,4162.563965,6876.922852,4270.769043,4264.102539,3982.5642090000006,450.0,4.0,77.0,,,,0.0,4.0,0.0,2.0,0.0,4.0,16.666666,,,,,,,,,,,,,,,,,,,,,,,,,,,,,,,,,,,,,,,,,,,,,,,,,,,,,,0.0,0.0,1.0,0.0,128.0,1.0,,,,,,,,,,,,,,,,,,,,,,,,,
16199,1650412998.5262349,1650412998.532552,14.0,0.0,4171.794922,6863.589844,4261.538574,4264.102539,3997.9487299999996,450.0,4.0,77.0,,,,0.0,4.0,0.0,2.0,0.0,4.0,16.666666,,,,,,,,7.0,0.0,0.263278,-0.415771,0.517578,0.699951,0.851087,-0.506355,-0.11816600000000001,-0.044532,-0.058475,-0.016555,,,,,,,,,,,,,,,,,,,,,,,,,,,,,,,,,,,,,,,,,,,,,,,,,,,,,,,,,,,,,,,,,
16200,1650412998.534049,1650412998.540466,15.0,0.0,4157.436035,6889.743651999999,4248.717772999999,4264.102539,3986.6667479999996,16214.0,4.0,77.0,,,,0.0,4.0,0.0,2.0,0.0,4.0,16.666666,,,,,,,,,,,,,,,,,,,,,,,,,,,,,,,,,,,,,,,,,,,,,,,,,,,,,,,,,,,,,,,,,,,,,,,,,,,,,,,,,,,,
16201,1650412998.5418642,1650412998.548281,16.0,0.0,4181.538574,6950.769043000001,4271.794922,4264.102539,3973.3332520000004,0.0,4.0,77.0,,,,0.0,4.0,0.0,2.0,0.0,4.0,16.666666,,,,,,,,8.0,0.0,0.26366300000000004,-0.41552700000000004,0.517578,0.699951,0.8559700000000001,-0.506844,-0.12255999999999999,-0.044474,-0.058438,-0.017927000000000002,,,,,,,,,,,,,,,,,,,,,,,,,,,,,,,,,,,,,,,,,,,,,,,,,,,,,,,,,,,,,,,,,
16202,1650412998.5496778,1650412998.556096,17.0,0.0,4227.692383,7011.282227,4287.692383,4264.102539,3993.8461909999996,0.0,4.0,77.0,,,,0.0,4.0,0.0,2.0,0.0,4.0,16.666666,,,,,,,,,,,,,,,,,,,,,,,,,,,,,,,,,,,,,,,,,,,,,,,,,,,,,,0.0,0.0,1.0,0.0,128.0,1.0,,,,,,,,,,,,,,,,,,,,,,,,,
16203,1650412998.557493,1650412998.5640109,18.0,0.0,4234.871582,7010.769043000001,4265.128418,4264.102539,4010.256348,0.0,4.0,77.0,,,,0.0,4.0,0.0,2.0,0.0,4.0,16.666666,,,,,,,,9.0,0.0,0.26366300000000004,-0.41552700000000004,0.517578,0.699951,0.870619,-0.514656,-0.111818,-0.044469999999999996,-0.058551,-0.016085,,,,,,,,,,,,,,,,,,,,,,,,,,,,,,,,,,,,,,,,,,,,,,,,,,,,,,,,,,,,,,,,,
16204,1650412998.565308,1650412998.571826,19.0,0.0,4218.461426,6973.333495999999,4247.692383,4264.102539,3992.820557,0.0,4.0,77.0,,,,0.0,4.0,0.0,2.0,0.0,4.0,16.666666,,,,,,,,,,,,,,,,,,,,,,,,,,,,,,,,,,,,,,,,,,,,,,,,,,,,,,,,,,,,,,,,,,,,,,,,,,,,,,,,,,,,
16205,1650412998.573122,1650412998.579741,20.0,0.0,4233.333496,6990.769043000001,4260.0,4264.102539,3991.794922,0.0,4.0,77.0,,,,0.0,4.0,0.0,2.0,0.0,4.0,16.666666,,,,,,,,10.0,0.0,0.26431,-0.41552700000000004,0.517578,0.699707,0.87013,-0.5039140000000001,-0.119631,-0.044369,-0.058507,-0.017455000000000002,,,,,,,,,,,,,,,,,,,,,,,,,,,,,,,,,,,,,,,,,,,,,,,,,,,,,,,,,,,,,,,,,
16206,1650412998.580937,1650412998.5875552,21.0,0.0,4256.410156,7018.974120999999,4271.282227000001,4264.102539,4016.4101560000004,0.0,4.0,77.0,,,,0.0,4.0,0.0,2.0,0.0,4.0,16.666666,,,,,,,,,,,,,,,,,,,,,,,,,,,,,,,,,,,,,,,,,,,,,,,,,,,,,,0.0,0.0,1.0,0.0,128.0,1.0,,,,,,,,,,,,,,,,,,,,,,,,,
16207,1650412998.588751,1650412998.59547,22.0,0.0,4247.692383,7006.153809,4266.153809,4264.102539,4016.4101560000004,0.0,4.0,77.0,,,,0.0,4.0,0.0,2.0,0.0,4.0,16.666666,,,,,,,,11.0,0.0,0.263832,-0.41552700000000004,0.517822,0.699707,0.8657360000000001,-0.504402,-0.113771,-0.044326,-0.058418,-0.018639,,,,,,,,,,,,,,,,,,,,,,,,,,,,,,,,,,,,,,,,,,,,,,,,,,,,,,,,,,,,,,,,,
16208,1650412998.596566,1650412998.603385,23.0,0.0,4253.333496,7024.615234000001,4256.922852000001,4264.102539,4014.8718259999996,0.0,4.0,77.0,,,,0.0,4.0,0.0,2.0,0.0,4.0,16.666666,,,,,,,,,,,,,,,,,,,,,,,,,,,,,,,,,,,,,,,,,,,,,,,,,,,,,,,,,,,,,,,,,,,,,,,,,,,,,,,,,,,,
16209,1650412998.6043801,1650412998.6112,24.0,0.0,4288.717772999999,7026.666504000001,4254.358886999999,4264.102539,4033.3332520000004,0.0,4.0,77.0,,,,0.0,4.0,0.0,2.0,0.0,4.0,16.666666,,,,,,,,12.0,0.0,0.263832,-0.41552700000000004,0.517822,0.699707,0.862806,-0.515633,-0.11572400000000001,-0.044288,-0.058387,-0.019803,,,,,,,,,,,,,,,,,,,,,,,,,,,,,,,,,,,,,,,,,,,,,,,,,,,,,,,,,,,,,,,,,
16210,1650412998.612195,1650412998.619115,25.0,0.0,4291.794922,6977.436035,4257.94873,4264.102539,4027.179443,0.0,4.0,77.0,,,,0.0,4.0,0.0,2.0,0.0,4.0,16.666666,,,,,,,,,,,,,,,,,,,,1.0,0.0,0.0,,,,,,,,,,,,,,,,,,,,,,,,,,,,,,,,0.0,0.0,1.0,0.0,128.0,1.0,81.331009,12.880109,2.7931220000000003,1.652698,0.901457,36.536159999999995,23.348051,26.790525,5.712628,13.628260999999998,2.4927,1.437927,1.067372,1.082986,1.731766,0.056359000000000006,0.007155,0.004257,0.001837,0.0018789999999999998,79.739708,13.234842,5.915552,6.935205000000001,4.193205
16211,1650412998.62001,1650412998.62693,26.0,0.0,4254.358886999999,6970.256348000001,4258.974121,4264.102539,4005.1281740000004,0.0,4.0,77.0,,,,0.0,4.0,0.0,2.0,0.0,4.0,16.666666,,,,,,,,13.0,0.0,0.263832,-0.41552700000000004,0.517822,0.699707,0.855482,-0.500496,-0.11718900000000002,-0.044205,-0.05840700000000001,-0.017627,,,,,,,,,,,,,,,,,,,,,,,,,,,,,,,,,,,,,,,,,,,,,,,,,,,,,,,,,,,,,,,,,
16212,1650412998.627824,1650412998.6348438,27.0,0.0,4237.94873,6996.922852,4250.256348,4264.102539,4009.2307130000004,0.0,4.0,77.0,,,,0.0,4.0,0.0,2.0,0.0,4.0,16.666666,,,,,,,,,,,,,,,,,,,,,,,,,,,,,,,,,,,,,,,,,,,,,,,,,,,,,,,,,,,,,,,,,,,,,,,,,,,,,,,,,,,,
16213,1650412998.635639,1650412998.642659,28.0,0.0,4250.769043,6994.871581999999,4249.230957,4264.102539,4023.5898439999996,0.0,4.0,77.0,,,,0.0,4.0,0.0,2.0,0.0,4.0,16.666666,,,,,,,,14.0,0.0,0.263832,-0.41552700000000004,0.517822,0.699707,0.8657360000000001,-0.504402,-0.113771,-0.044179,-0.058475,-0.015669,,,,,,,,,,,,,,,,,,,,,,,,,,,,,,,,,,,,,,,,,,,,,,,,,,,,,,,,,,,,,,,,,
16214,1650412998.643453,1650412998.650574,29.0,0.0,4258.461426,6975.897461,4266.153809,4264.102539,4019.487061,0.0,4.0,77.0,,,,0.0,4.0,0.0,2.0,0.0,4.0,16.666666,,,,,,,,,,,,,,,,,,,,,,,,,,,,,,,,,,,,,,,,,,,,,,,,,,,,,,0.0,0.0,1.0,0.0,128.0,1.0,,,,,,,,,,,,,,,,,,,,,,,,,
16215,1650412998.651268,1650412998.658389,30.0,0.0,4258.974121,6983.589844,4274.871582,4264.102539,4022.5642090000006,0.0,4.0,77.0,,,,0.0,4.0,0.0,2.0,0.0,4.0,16.666666,,,,,,,,15.0,0.0,0.263832,-0.41552700000000004,0.517822,0.699707,0.855482,-0.500496,-0.11718900000000002,-0.044107,-0.058487,-0.013907,,,,,,,,,,,,,,,,,,,,,,,,,,,,,,,,,,,,,,,,,,,,,,,,,,,,,,,,,,,,,,,,,
16216,1650412998.659083,1650412998.6663039,31.0,0.0,4265.641113000001,7006.666504000001,4269.230957,4264.102539,4051.281982,0.0,4.0,77.0,,,,0.0,4.0,0.0,2.0,0.0,4.0,16.666666,,,,,,,,,,,,,,,,,,,,,,,,,,,,,,,,,,,,,,,,,,,,,,,,,,,,,,,,,,,,,,,,,,,,,,,,,,,,,,,,,,,,
16217,1650412998.666897,1650412998.674119,32.0,0.0,4272.307617,7028.717773,4270.256348,4264.102539,4053.3332520000004,0.0,4.0,77.0,,,,0.0,4.0,0.0,2.0,0.0,4.0,16.666666,,,,,,,,16.0,0.0,0.263832,-0.41552700000000004,0.517822,0.699707,0.8808729999999999,-0.5141680000000001,-0.11035299999999999,-0.044091000000000005,-0.058449,-0.015494999999999998,,,,,,,,,,,,,,,,,,,,,,,,,,,,,,,,,,,,,,,,,,,,,,,,,,,,,,,,,,,,,,,,,
16218,1650412998.674712,1650412998.682033,33.0,0.0,4270.256348,7045.128418000001,4273.333496,4264.102539,4022.5642090000006,0.0,4.0,77.0,,,,0.0,4.0,0.0,2.0,0.0,4.0,16.666666,,,,,,,,,,,,,,,,,,,,,,,,,,,,,,,,,,,,,,,,,,,,,,,,,,,,,,0.0,0.0,1.0,0.0,128.0,1.0,,,,,,,,,,,,,,,,,,,,,,,,,
16219,1650412998.6825259,1650412998.689848,34.0,0.0,4261.025879,7033.846191,4264.615234000001,4264.102539,4013.8461909999996,0.0,4.0,77.0,,,,0.0,4.0,0.0,2.0,0.0,4.0,16.666666,,,,,,,,17.0,0.0,0.263832,-0.41552700000000004,0.517822,0.699707,0.8740370000000001,-0.520027,-0.116701,-0.044125,-0.058316999999999994,-0.016777,,,,,,,,,,,,,,,,,,,,,,,,,,,,,,,,,,,,,,,,,,,,,,,,,,,,,,,,,,,,,,,,,
16220,1650412998.690341,1650412998.6977632,35.0,0.0,4250.769043,7009.230956999999,4247.692383,4264.102539,4015.897461,0.0,4.0,77.0,,,,0.0,4.0,0.0,2.0,0.0,4.0,16.666666,,,,,,,,,,,,,,,,,,,,,,,,,,,,,,,,,,,,,,,,,,,,,,,,,,,,,,,,,,,,,,,,,,,,,,,,,,,,,,,,,,,,
16221,1650412998.698156,1650412998.7055779,36.0,0.0,4242.563965,6985.641113,4235.897461,4264.102539,4003.076904,0.0,4.0,77.0,,,,0.0,4.0,0.0,2.0,0.0,4.0,16.666666,,,,,,,,18.0,0.0,0.263447,-0.415771,0.517822,0.699707,0.8657360000000001,-0.521492,-0.10888800000000001,-0.044107,-0.05834500000000001,-0.014953,,,,,,,,,,,,,,,,,,,,,,,,,,,,,,,,,,,,,,,,,,,,,,,,,,,,,,,,,,,,,,,,,
16222,1650412998.7059698,1650412998.7134929,37.0,0.0,4249.743652,6984.615234000001,4240.512695,4264.102539,4009.743652,0.0,4.0,77.0,,,,0.0,4.0,0.0,2.0,0.0,4.0,16.666666,,,,,,,,,,,,,,,,,,,,,,,,,,,,,,,,,,,,,,,,,,,,,,,,,,,,,,10.0,0.0,1.0,0.0,128.0,1.0,,,,,,,,,,,,,,,,,,,,,,,,,
16223,1650412998.713785,1650412998.721308,38.0,0.0,4258.461426,7005.128418000001,4252.307617,4264.102539,4030.7692869999996,0.0,4.0,77.0,,,,0.0,4.0,0.0,2.0,0.0,4.0,16.666666,,,,,,,,19.0,0.0,0.263447,-0.415771,0.517822,0.699707,0.8584120000000001,-0.502937,-0.12060699999999999,-0.04414,-0.058223000000000004,-0.016436000000000003,,,,,,,,,,,,,,,,,,,,,,,,,,,,,,,,,,,,,,,,,,,,,,,,,,,,,,,,,,,,,,,,,
16224,1650412998.721599,1650412998.729222,39.0,0.0,4237.94873,7007.179687999999,4250.256348,4264.102539,4025.1281740000004,0.0,4.0,77.0,,,,0.0,4.0,0.0,2.0,0.0,4.0,16.666666,,,,,,,,,,,,,,,,,,,,,,,,,,,,,,,,,,,,,,,,,,,,,,,,,,,,,,,,,,,,,,,,,,,,,,,,,,,,,,,,,,,,
16225,1650412998.729414,1650412998.737037,40.0,0.0,4229.743652,6978.461426000001,4252.307617,4264.102539,4018.974365,0.0,4.0,77.0,,,,0.0,4.0,0.0,2.0,0.0,4.0,16.666666,,,,,,,,20.0,0.0,0.263447,-0.415771,0.517822,0.699707,0.866224,-0.504402,-0.11767799999999999,-0.044316,-0.058309,-0.017674000000000002,,,,,,,,,,,,,,,,,,,,,,,,,,,,,,,,,,,,,,,,,,,,,,,,,,,,,,,,,,,,,,,,,
16226,1650412998.7372289,1650412998.744952,41.0,0.0,4255.384765999999,6939.487305,4267.179688,4264.102539,4036.923096,0.0,4.0,77.0,,,,0.0,4.0,0.0,2.0,0.0,4.0,16.666666,,,,,,,,,,,,,,,,,,,,1.0,0.0,0.0,,,,,,,,,,,,,,,,,,,,,,,,,,,,,,,,10.0,0.0,1.0,0.0,128.0,1.0,33.042095,5.526006,1.354387,1.534269,0.955788,38.857555,27.823628999999997,25.981558,6.181958,16.268606,2.728127,1.342683,0.9477059999999999,1.213251,1.9018380000000001,0.027901,0.003171,0.001819,0.000721,0.000822,29.095751,6.791299,4.189033,5.0378050000000005,3.036819
16227,1650412998.745043,1650412998.752867,42.0,0.0,4250.769043,6936.922852,4258.974121,4264.102539,4044.102539,0.0,4.0,77.0,,,,0.0,4.0,0.0,2.0,0.0,4.0,16.666666,,,,,,,,21.0,0.0,0.263832,-0.41552700000000004,0.517822,0.699707,0.8603649999999999,-0.516609,-0.116701,-0.04423,-0.05824,-0.018885,,,,,,,,,,,,,,,,,,,,,,,,,,,,,,,,,,,,,,,,,,,,,,,,,,,,,,,,,,,,,,,,,
16228,1650412998.752858,1650412998.760682,43.0,0.0,4199.487305,6953.333495999999,4237.94873,4264.102539,4021.025635,0.0,4.0,77.0,,,,0.0,4.0,0.0,2.0,0.0,4.0,16.666666,,,,,,,,,,,,,,,,,,,,,,,,,,,,,,,,,,,,,,,,,,,,,,,,,,,,,,,,,,,,,,,,,,,,,,,,,,,,,,,,,,,,
16229,1650412998.760672,1650412998.768497,44.0,0.0,4168.205078,6946.153809,4246.666504,4264.102539,3993.3332520000004,0.0,4.0,77.0,,,,0.0,4.0,0.0,2.0,0.0,4.0,16.666666,,,,,,,,22.0,0.0,0.263183,-0.41552700000000004,0.517822,0.699951,0.863294,-0.5078199999999999,-0.11523599999999999,-0.044251,-0.058276,-0.019975,,,,,,,,,,,,,,,,,,,,,,,,,,,,,,,,,,,,,,,,,,,,,,,,,,,,,,,,,,,,,,,,,
16230,1650412998.768487,1650412998.776411,45.0,0.0,4155.384765999999,6940.512695,4255.384765999999,4264.102539,3994.358887,0.0,4.0,77.0,,,,0.0,4.0,0.0,2.0,0.0,4.0,16.666666,,,,,,,,,,,,,,,,,,,,,,,,,,,,,,,,,,,,,,,,,,,,,,,,,,,,,,10.0,0.0,1.0,0.0,128.0,1.0,,,,,,,,,,,,,,,,,,,,,,,,,
16231,1650412998.7763019,1650412998.784326,46.0,0.0,4121.025879,6960.0,4246.666504,4264.102539,4006.6667479999996,0.0,4.0,77.0,,,,0.0,4.0,0.0,2.0,0.0,4.0,16.666666,,,,,,,,23.0,0.0,0.262702,-0.41552700000000004,0.518066,0.699951,0.8652479999999999,-0.515633,-0.116701,-0.044219999999999995,-0.058307000000000005,-0.020858,,,,,,,,,,,,,,,,,,,,,,,,,,,,,,,,,,,,,,,,,,,,,,,,,,,,,,,,,,,,,,,,,
16232,1650412998.784116,1650412998.792141,47.0,0.0,4106.153809,6982.05127,4247.692383,4264.102539,4004.615479,0.0,4.0,77.0,,,,0.0,4.0,0.0,2.0,0.0,4.0,16.666666,,,,,,,,,,,,,,,,,,,,,,,,,,,,,,,,,,,,,,,,,,,,,,,,,,,,,,,,,,,,,,,,,,,,,,,,,,,,,,,,,,,,
16233,1650412998.7919312,1650412998.800056,48.0,0.0,4119.487305,6986.666504000001,4261.538574,4264.102539,4005.1281740000004,0.0,4.0,77.0,,,,0.0,4.0,0.0,2.0,0.0,4.0,16.666666,,,,,,,,24.0,0.0,0.263088,-0.415283,0.518066,0.699951,0.863783,-0.502937,-0.118654,-0.044144,-0.058239,-0.021751,,,,,,,,,,,,,,,,,,,,,,,,,,,,,,,,,,,,,,,,,,,,,,,,,,,,,,,,,,,,,,,,,
16234,1650412998.7997448,1650412998.807871,49.0,0.0,4114.871582,6993.333495999999,4251.794922,4264.102539,4025.1281740000004,0.0,4.0,77.0,,,,0.0,4.0,0.0,2.0,0.0,4.0,16.666666,,,,,,,,,,,,,,,,,,,,,,,,,,,,,,,,,,,,,,,,,,,,,,,,,,,,,,10.0,0.0,1.0,0.0,128.0,1.0,,,,,,,,,,,,,,,,,,,,,,,,,
16235,1650412998.80756,1650412998.815785,50.0,0.0,4105.128418,6985.128418000001,4237.94873,4264.102539,4039.487061,0.0,4.0,77.0,,,,0.0,4.0,0.0,2.0,0.0,4.0,16.666666,,,,,,,,25.0,0.0,0.26260700000000003,-0.415283,0.518311,0.699951,0.8740370000000001,-0.510262,-0.114748,-0.044124000000000003,-0.058372,-0.022456999999999998,,,,,,,,,,,,,,,,,,,,,,,,,,,,,,,,,,,,,,,,,,,,,,,,,,,,,,,,,,,,,,,,,
16236,1650412998.815375,1650412998.8236,51.0,0.0,4115.384765999999,6982.05127,4251.794922,4264.102539,4034.358887,0.0,4.0,77.0,,,,0.0,4.0,0.0,2.0,0.0,4.0,16.666666,,,,,,,,,,,,,,,,,,,,,,,,,,,,,,,,,,,,,,,,,,,,,,,,,,,,,,,,,,,,,,,,,,,,,,,,,,,,,,,,,,,,
16237,1650412998.823189,1650412998.831515,52.0,0.0,4112.820313,6987.179687999999,4242.05127,4264.102539,4027.179443,0.0,4.0,77.0,,,,0.0,4.0,0.0,2.0,0.0,4.0,16.666666,,,,,,,,26.0,0.0,0.262993,-0.41503900000000005,0.518311,0.699951,0.850599,-0.508797,-0.113771,-0.044057,-0.058442999999999995,-0.023141,,,,,,,,,,,,,,,,,,,,,,,,,,,,,,,,,,,,,,,,,,,,,,,,,,,,,,,,,,,,,,,,,
16238,1650412998.831004,1650412998.8393302,53.0,0.0,4085.641113,6917.436035,4209.743652,4264.102539,4027.6923829999996,0.0,4.0,77.0,,,,0.0,4.0,0.0,2.0,0.0,4.0,16.666666,,,,,,,,,,,,,,,,,,,,,,,,,,,,,,,,,,,,,,,,,,,,,,,,,,,,,,10.0,0.0,1.0,0.0,128.0,1.0,,,,,,,,,,,,,,,,,,,,,,,,,
16239,1650412998.838819,1650412998.847245,54.0,0.0,4077.9487299999996,6849.230956999999,4230.769043,4264.102539,4029.2307130000004,0.0,4.0,77.0,,,,0.0,4.0,0.0,2.0,0.0,4.0,16.666666,,,,,,,,27.0,0.0,0.262896,-0.41479499999999997,0.518555,0.699951,0.8608530000000001,-0.520516,-0.11133,-0.044045999999999995,-0.058507,-0.023757,,,,,,,,,,,,,,,,,,,,,,,,,,,,,,,,,,,,,,,,,,,,,,,,,,,,,,,,,,,,,,,,,
16240,1650412998.846633,1650412998.8550599,55.0,0.0,4083.076904,6908.205078,4268.717772999999,4264.102539,4029.2307130000004,0.0,4.0,77.0,,,,0.0,4.0,0.0,2.0,0.0,4.0,16.666666,,,,,,,,,,,,,,,,,,,,,,,,,,,,,,,,,,,,,,,,,,,,,,,,,,,,,,,,,,,,,,,,,,,,,,,,,,,,,,,,,,,,
16241,1650412998.854448,1650412998.862974,56.0,0.0,4076.4101560000004,6983.589844,4245.641113000001,4264.102539,4026.6667479999996,0.0,4.0,77.0,,,,0.0,4.0,0.0,2.0,0.0,4.0,16.666666,,,,,,,,28.0,0.0,0.263281,-0.414551,0.518555,0.699951,0.862318,-0.509285,-0.125978,-0.044134,-0.058418,-0.024359,,,,,,,,,,,,,,,,,,,,,,,,,,,,,,,,,,,,,,,,,,,,,,,,,,,,,,,,,,,,,,,,,
16242,1650412998.862262,1650412998.870789,57.0,0.0,4071.281982,6944.615234000001,4226.153809,4264.102539,4023.5898439999996,0.0,4.0,77.0,,,,0.0,4.0,0.0,2.0,0.0,4.0,16.666666,,,,,,,,,,,,,,,,,,,,1.0,0.0,0.0,,,,,,,,,,,,,,,,,,,,,,,,,,,,,,,,0.0,0.0,1.0,0.0,128.0,0.762121,11.24345,2.737006,0.7812939999999999,1.504734,1.021988,61.321433999999996,30.536423,24.300017999999998,6.494521,17.502413,2.773288,1.257671,0.97601,1.321865,1.9501169999999999,0.007954000000000001,0.001017,0.000546,0.00019099999999999998,0.000244,8.816459,4.495612,3.3693230000000005,3.690349,2.384215
16243,1650412998.870077,1650412998.8787038,58.0,0.0,4076.923096,6912.820312999999,4269.230957,4264.102539,4021.538574,0.0,4.0,77.0,,,,0.0,4.0,0.0,2.0,0.0,4.0,16.666666,,,,,,,,29.0,0.0,0.263185,-0.414307,0.518799,0.699951,0.8764780000000001,-0.504891,-0.107912,-0.044114999999999994,-0.058533,-0.024804,,,,,,,,,,,,,,,,,,,,,,,,,,,,,,,,,,,,,,,,,,,,,,,,,,,,,,,,,,,,,,,,,
16244,1650412998.877892,1650412998.886519,59.0,0.0,4075.384521,6954.871581999999,4280.0,4264.102539,4014.8718259999996,0.0,4.0,77.0,,,,0.0,4.0,0.0,2.0,0.0,4.0,16.666666,,,,,,,,,,,,,,,,,,,,,,,,,,,,,,,,,,,,,,,,,,,,,,,,,,,,,,,,,,,,,,,,,,,,,,,,,,,,,,,,,,,,
16245,1650412998.885706,1650412998.894434,60.0,0.0,4073.3332520000004,6969.230956999999,4248.205078,4264.102539,4020.0,0.0,4.0,77.0,,,,0.0,4.0,0.0,2.0,0.0,4.0,16.666666,,,,,,,,30.0,0.0,0.263185,-0.414307,0.518799,0.699951,0.847669,-0.512215,-0.11914200000000001,-0.044049,-0.058490999999999994,-0.022178,,,,,,,,,,,,,,,,,,,,,,,,,,,,,,,,,,,,,,,,,,,,,,,,,,,,,,,,,,,,,,,,,
16246,1650412998.893521,1650412998.902349,61.0,0.0,4086.6667479999996,6950.769043000001,4247.692383,4264.102539,4049.743652,0.0,4.0,77.0,,,,0.0,4.0,0.0,2.0,0.0,4.0,16.666666,,,,,,,,,,,,,,,,,,,,,,,,,,,,,,,,,,,,,,,,,,,,,,,,,,,,,,0.0,0.0,1.0,0.0,128.0,0.762121,,,,,,,,,,,,,,,,,,,,,,,,,
16247,1650412998.901335,1650412998.9101632,62.0,0.0,4092.3076170000004,6938.461426000001,4253.846191,4264.102539,4066.6667479999996,0.0,4.0,77.0,,,,0.0,4.0,0.0,2.0,0.0,4.0,16.666666,,,,,,,,31.0,0.0,0.262919,-0.414063,0.518799,0.700195,0.855482,-0.515145,-0.120119,-0.044088,-0.058599,-0.019813,,,,,,,,,,,,,,,,,,,,,,,,,,,,,,,,,,,,,,,,,,,,,,,,,,,,,,,,,,,,,,,,,
16248,1650412998.90915,1650412998.918078,63.0,0.0,4082.0512700000004,6941.025879000001,4247.179688,4264.102539,4053.8461909999996,0.0,4.0,77.0,,,,0.0,4.0,0.0,2.0,0.0,4.0,16.666666,,,,,,,,,,,,,,,,,,,,,,,,,,,,,,,,,,,,,,,,,,,,,,,,,,,,,,,,,,,,,,,,,,,,,,,,,,,,,,,,,,,,
16249,1650412998.916965,1650412998.925893,64.0,0.0,4082.5642090000006,6945.641113,4250.256348,4264.102539,4051.281982,450.0,4.0,77.0,,,,0.0,4.0,0.0,2.0,0.0,4.0,16.666666,,,,,,,,32.0,0.0,0.262919,-0.414063,0.518799,0.700195,0.8574350000000001,-0.520516,-0.12549000000000002,-0.044170999999999995,-0.058549000000000004,-0.020762,,,,,,,,,,,,,,,,,,,,,,,,,,,,,,,,,,,,,,,,,,,,,,,,,,,,,,,,,,,,,,,,,
16250,1650412998.924779,1650412998.933708,65.0,0.0,4085.641113,6898.461426000001,4247.692383,4264.102539,4047.6923829999996,450.0,4.0,77.0,,,,0.0,4.0,0.0,2.0,0.0,4.0,16.666666,,,,,,,,,,,,,,,,,,,,,,,,,,,,,,,,,,,,,,,,,,,,,,,,,,,,,,0.0,0.0,1.0,0.0,128.0,0.762121,,,,,,,,,,,,,,,,,,,,,,,,,
16251,1650412998.932594,1650412998.941623,66.0,0.0,4078.974365,6874.358887,4241.538574,4264.102539,4017.9487299999996,16214.0,4.0,77.0,,,,0.0,4.0,0.0,2.0,0.0,4.0,16.666666,,,,,,,,33.0,0.0,0.262437,-0.414063,0.519043,0.700195,0.8652479999999999,-0.526864,-0.10547000000000001,-0.044198,-0.058455999999999994,-0.018539,,,,,,,,,,,,,,,,,,,,,,,,,,,,,,,,,,,,,,,,,,,,,,,,,,,,,,,,,,,,,,,,,
16252,1650412998.940408,1650412998.949438,67.0,0.0,4075.384521,6932.307617,4246.666504,4264.102539,4013.8461909999996,450.0,4.0,77.0,,,,0.0,4.0,0.0,2.0,0.0,4.0,16.666666,,,,,,,,,,,,,,,,,,,,,,,,,,,,,,,,,,,,,,,,,,,,,,,,,,,,,,,,,,,,,,,,,,,,,,,,,,,,,,,,,,,,
16253,1650412998.948223,1650412998.957352,68.0,0.0,4076.923096,6933.846191,4245.641113000001,4264.102539,4039.487061,0.0,4.0,77.0,,,,0.0,4.0,0.0,2.0,0.0,4.0,16.666666,,,,,,,,34.0,0.0,0.262822,-0.413818,0.519043,0.700195,0.849134,-0.5180739999999999,-0.12255999999999999,-0.04427,-0.05847,-0.019615,,,,,,,,,,,,,,,,,,,,,,,,,,,,,,,,,,,,,,,,,,,,,,,,,,,,,,,,,,,,,,,,,
16254,1650412998.956038,1650412998.965267,69.0,0.0,4077.4357909999994,6874.358887,4254.871582,4264.102539,4031.794922,450.0,4.0,77.0,,,,0.0,4.0,0.0,2.0,0.0,4.0,16.666666,,,,,,,,,,,,,,,,,,,,,,,,,,,,,,,,,,,,,,,,,,,,,,,,,,,,,,0.0,0.0,1.0,0.0,128.0,0.762121,,,,,,,,,,,,,,,,,,,,,,,,,
16255,1650412998.963852,1650412998.973082,70.0,0.0,4074.358887,6889.230956999999,4268.717772999999,4264.102539,4001.538574,242.0,4.0,77.0,,,,0.0,4.0,0.0,2.0,0.0,4.0,16.666666,,,,,,,,35.0,0.0,0.262822,-0.413818,0.519043,0.700195,0.8501110000000001,-0.517586,-0.11230599999999999,-0.044384,-0.058434,-0.020583,,,,,,,,,,,,,,,,,,,,,,,,,,,,,,,,,,,,,,,,,,,,,,,,,,,,,,,,,,,,,,,,,
16256,1650412998.971667,1650412998.9808972,71.0,0.0,4069.2307130000004,6922.563965,4245.128418,4264.102539,4002.0512700000004,450.0,4.0,77.0,,,,0.0,4.0,0.0,2.0,0.0,4.0,16.666666,,,,,,,,,,,,,,,,,,,,,,,,,,,,,,,,,,,,,,,,,,,,,,,,,,,,,,,,,,,,,,,,,,,,,,,,,,,,,,,,,,,,
16257,1650412998.979481,1650412998.988812,72.0,0.0,4078.461426,6923.077148,4225.128418,4264.102539,4023.5898439999996,450.0,4.0,77.0,,,,0.0,4.0,0.0,2.0,0.0,4.0,16.666666,,,,,,,,36.0,0.0,0.26272399999999996,-0.413574,0.5192869999999999,0.700195,0.859876,-0.514656,-0.118654,-0.044487,-0.058499,-0.021503,,,,,,,,,,,,,,,,,,,,,,,,,,,,,,,,,,,,,,,,,,,,,,,,,,,,,,,,,,,,,,,,,
16258,1650412998.987296,1650412998.996727,73.0,0.0,4095.384521,6906.153809,4244.102539,4264.102539,4034.8718259999996,0.0,4.0,77.0,,,,0.0,4.0,0.0,2.0,0.0,4.0,16.666666,1.0,8.333333,3.0,0.0,2.0,0.0,1.0,,,,,,,,,,,,,1.0,0.0,0.0,,,,,,,,,,,,,,,,,,,,,,,,,,,,,,,,0.0,0.0,64.0,0.871675,1.0,0.0,7.328771000000001,1.8368220000000002,0.6279060000000001,1.4516959999999999,1.090865,71.226524,30.762790999999996,22.402271,6.891407000000001,17.149214,2.578265,1.2010040000000002,1.171085,1.3640729999999999,1.864607,0.001433,0.000169,7e-05,2.2e-05,3.5e-05,5.3939010000000005,3.5998129999999997,3.0151779999999997,2.7491470000000002,2.051752
16259,1650412998.995111,1650412999.004541,74.0,0.0,4098.461426,6859.487305,4258.974121,4264.102539,4038.974365,450.0,4.0,77.0,,,,0.0,4.0,0.0,2.0,0.0,4.0,16.666666,,,,,,,,37.0,0.0,0.26207199999999997,-0.413574,0.5192869999999999,0.700439,0.862318,-0.517586,-0.12255999999999999,-0.044384,-0.058557000000000005,-0.022283,,,,,,,,,,,,,,,,,,,,,,,,,,,,,,,,,,,,,,,,,,,,,,,,,,,,,,,,,,,,,,,,,
16260,1650412999.002925,1650412999.012456,75.0,0.0,4090.256348,6852.820312999999,4245.641113000001,4264.102539,4019.487061,16213.0,4.0,77.0,,,,0.0,4.0,0.0,2.0,0.0,4.0,16.666666,,,,,,,,,,,,,,,,,,,,,,,,,,,,,,,,,,,,,,,,,,,,,,,,,,,,,,,,,,,,,,,,,,,,,,,,,,,,,,,,,,,,
16261,1650412999.01074,1650412999.020271,76.0,0.0,4089.743652,6865.641113,4221.538574,4264.102539,3985.641113,450.0,4.0,77.0,,,,0.0,4.0,0.0,2.0,0.0,4.0,16.666666,,,,,,,,38.0,0.0,0.26207199999999997,-0.413574,0.5192869999999999,0.700439,0.8584120000000001,-0.506844,-0.11523599999999999,-0.044194,-0.058512,-0.023033,,,,,,,,,,,,,,,,,,,,,,,,,,,,,,,,,,,,,,,,,,,,,,,,,,,,,,,,,,,,,,,,,
16262,1650412999.0185552,1650412999.0281858,77.0,0.0,4106.153809,6852.307617,4217.94873,4264.102539,3991.281982,450.0,4.0,77.0,,,,0.0,4.0,0.0,2.0,0.0,4.0,16.666666,,,,,,,,,,,,,,,,,,,,,,,,,,,,,,,,,,,,,,,,,,,,,,,,,,,,,,0.0,0.0,64.0,0.871675,1.0,0.0,,,,,,,,,,,,,,,,,,,,,,,,,
16263,1650412999.0263689,1650412999.036001,78.0,0.0,4124.615234000001,6869.230956999999,4227.179688,4264.102539,4020.512939,450.0,4.0,77.0,,,,0.0,4.0,0.0,2.0,0.0,4.0,16.666666,,,,,,,,39.0,0.0,0.262339,-0.413818,0.5192869999999999,0.700195,0.859876,-0.505867,-0.112795,-0.044169,-0.058423,-0.020534,,,,,,,,,,,,,,,,,,,,,,,,,,,,,,,,,,,,,,,,,,,,,,,,,,,,,,,,,,,,,,,,,
16264,1650412999.034184,1650412999.043916,79.0,0.0,4121.025879,6849.230956999999,4223.589844,4264.102539,4024.102539,16213.0,4.0,77.0,,,,0.0,4.0,0.0,2.0,0.0,4.0,16.666666,,,,,,,,,,,,,,,,,,,,,,,,,,,,,,,,,,,,,,,,,,,,,,,,,,,,,,,,,,,,,,,,,,,,,,,,,,,,,,,,,,,,
16265,1650412999.0419981,1650412999.0517302,80.0,0.0,4109.230957,6783.589844,4226.153809,4264.102539,4014.358887,450.0,4.0,77.0,,,,0.0,4.0,0.0,2.0,0.0,4.0,16.666666,,,,,,,,40.0,0.0,0.262339,-0.413818,0.5192869999999999,0.700195,0.849622,-0.515633,-0.112795,-0.044147000000000006,-0.058391,-0.021411000000000003,,,,,,,,,,,,,,,,,,,,,,,,,,,,,,,,,,,,,,,,,,,,,,,,,,,,,,,,,,,,,,,,,
16266,1650412999.049813,1650412999.059645,81.0,0.0,4112.820313,6805.641113,4243.589844,4264.102539,4007.179443,450.0,4.0,77.0,,,,0.0,4.0,0.0,2.0,0.0,4.0,16.666666,,,,,,,,,,,,,,,,,,,,,,,,,,,,,,,,,,,,,,,,,,,,,,,,,,,,,,0.0,0.0,64.0,0.871675,1.0,0.0,,,,,,,,,,,,,,,,,,,,,,,,,
16267,1650412999.057628,1650412999.06746,82.0,0.0,4117.94873,6855.897461,4244.615234000001,4264.102539,4005.641113,450.0,4.0,77.0,,,,0.0,4.0,0.0,2.0,0.0,4.0,16.666666,,,,,,,,41.0,0.0,0.262339,-0.413818,0.5192869999999999,0.700195,0.8584120000000001,-0.512703,-0.11767799999999999,-0.044224,-0.058363,-0.018977,,,,,,,,,,,,,,,,,,,,,,,,,,,,,,,,,,,,,,,,,,,,,,,,,,,,,,,,,,,,,,,,,
16268,1650412999.065442,1650412999.075375,83.0,0.0,4118.461426,6817.94873,4237.436035,4264.102539,4019.487061,16213.0,4.0,77.0,,,,0.0,4.0,0.0,2.0,0.0,4.0,16.666666,,,,,,,,,,,,,,,,,,,,,,,,,,,,,,,,,,,,,,,,,,,,,,,,,,,,,,,,,,,,,,,,,,,,,,,,,,,,,,,,,,,,
16269,1650412999.073257,1650412999.08319,84.0,0.0,4126.666504,6794.358887,4244.615234000001,4264.102539,4035.897461,450.0,4.0,77.0,,,,0.0,4.0,0.0,2.0,0.0,4.0,16.666666,,,,,,,,42.0,0.0,0.262339,-0.413818,0.5192869999999999,0.700195,0.859876,-0.505867,-0.112795,-0.044196,-0.058337,-0.016737000000000002,,,,,,,,,,,,,,,,,,,,,,,,,,,,,,,,,,,,,,,,,,,,,,,,,,,,,,,,,,,,,,,,,
16270,1650412999.0810711,1650412999.091105,85.0,0.0,4137.94873,6831.282227,4241.025879,4264.102539,4033.8461909999996,450.0,4.0,77.0,,,,0.0,4.0,0.0,2.0,0.0,4.0,16.666666,,,,,,,,,,,,,,,,,,,,,,,,,,,,,,,,,,,,,,,,,,,,,,,,,,,,,,0.0,0.0,64.0,0.871675,1.0,0.0,,,,,,,,,,,,,,,,,,,,,,,,,
16271,1650412999.088886,1650412999.098919,86.0,0.0,4141.538574,6863.077148,4240.0,4264.102539,4018.974365,450.0,4.0,77.0,,,,0.0,4.0,0.0,2.0,0.0,4.0,16.666666,,,,,,,,43.0,0.0,0.262339,-0.413818,0.5192869999999999,0.700195,0.8584120000000001,-0.512703,-0.11767799999999999,-0.044269,-0.058314,-0.014771000000000001,,,,,,,,,,,,,,,,,,,,,,,,,,,,,,,,,,,,,,,,,,,,,,,,,,,,,,,,,,,,,,,,,
16272,1650412999.096701,1650412999.106734,87.0,0.0,4121.538574,6871.282227,4243.077147999999,4264.102539,3984.615479,16213.0,4.0,77.0,,,,0.0,4.0,0.0,2.0,0.0,4.0,16.666666,,,,,,,,,,,,,,,,,,,,,,,,,,,,,,,,,,,,,,,,,,,,,,,,,,,,,,,,,,,,,,,,,,,,,,,,,,,,,,,,,,,,
16273,1650412999.104515,1650412999.114549,88.0,0.0,4112.820313,6818.461426000001,4232.307617,4264.102539,3967.179443,450.0,4.0,77.0,,,,0.0,4.0,0.0,2.0,0.0,4.0,16.666666,,,,,,,,44.0,0.0,0.262339,-0.413818,0.5192869999999999,0.700195,0.8759899999999999,-0.520027,-0.132326,-0.044237,-0.05844,-0.016222999999999998,,,,,,,,,,,,,,,,,,,,,,,,,,,,,,,,,,,,,,,,,,,,,,,,,,,,,,,,,,,,,,,,,
16274,1650412999.11233,1650412999.1224642,89.0,0.0,4142.05127,6777.94873,4233.333496,4264.102539,3986.6667479999996,450.0,4.0,77.0,,,,0.0,4.0,0.0,2.0,0.0,4.0,16.666666,,,,,,,,,,,,,,,,,,,,1.0,0.0,0.0,,,,,,,,,,,,,,,,,,,,,,,,,,,,,,,,0.0,0.0,64.0,0.678178,1.0,0.0,7.206632000000001,1.600575,0.8027810000000001,1.389908,1.1551690000000001,103.521225,29.159978999999996,21.303791,7.487967,15.491385000000001,2.1909520000000002,1.1907,1.495482,1.316106,1.692639,1.9e-05,4e-06,1e-06,0.0,1e-06,4.027769,3.041499,2.906911,2.0975759999999997,1.874577
16275,1650412999.120144,1650412999.1302788,90.0,0.0,4152.820313,6793.333495999999,4238.974121,4264.102539,3982.5642090000006,450.0,4.0,77.0,,,,0.0,4.0,0.0,2.0,0.0,4.0,16.666666,,,,,,,,45.0,0.0,0.26212199999999997,-0.414063,0.5195310000000001,0.699951,0.871107,-0.505867,-0.12451400000000001,-0.044159,-0.058357000000000006,-0.014259,,,,,,,,,,,,,,,,,,,,,,,,,,,,,,,,,,,,,,,,,,,,,,,,,,,,,,,,,,,,,,,,,
16276,1650412999.127959,1650412999.1381938,91.0,0.0,4142.05127,6789.230956999999,4227.692383,4264.102539,3965.641113,16213.0,4.0,77.0,,,,0.0,4.0,0.0,2.0,0.0,4.0,16.666666,,,,,,,,,,,,,,,,,,,,,,,,,,,,,,,,,,,,,,,,,,,,,,,,,,,,,,,,,,,,,,,,,,,,,,,,,,,,,,,,,,,,
16277,1650412999.1357741,1650412999.146009,92.0,0.0,4164.615234000001,6764.615234000001,4225.128418,4264.102539,3988.205078,450.0,4.0,77.0,,,,0.0,4.0,0.0,2.0,0.0,4.0,16.666666,,,,,,,,46.0,0.0,0.26212199999999997,-0.414063,0.5195310000000001,0.699951,0.854017,-0.504402,-0.109377,-0.044186,-0.058478999999999996,-0.015909,,,,,,,,,,,,,,,,,,,,,,,,,,,,,,,,,,,,,,,,,,,,,,,,,,,,,,,,,,,,,,,,,
16278,1650412999.143588,1650412999.153923,93.0,0.0,4207.692383,6760.0,4242.563965,4264.102539,4023.076904,450.0,4.0,77.0,,,,0.0,4.0,0.0,2.0,0.0,4.0,16.666666,,,,,,,,,,,,,,,,,,,,,,,,,,,,,,,,,,,,,,,,,,,,,,,,,,,,,,0.0,0.0,64.0,0.678178,1.0,0.0,,,,,,,,,,,,,,,,,,,,,,,,,
16279,1650412999.151403,1650412999.161838,94.0,0.0,4225.128418,6739.487305,4247.179688,4264.102539,4024.615479,450.0,4.0,77.0,,,,0.0,4.0,0.0,2.0,0.0,4.0,16.666666,,,,,,,,47.0,0.0,0.26212199999999997,-0.414063,0.5195310000000001,0.699951,0.854505,-0.511238,-0.103029,-0.044113,-0.058637,-0.014074000000000001,,,,,,,,,,,,,,,,,,,,,,,,,,,,,,,,,,,,,,,,,,,,,,,,,,,,,,,,,,,,,,,,,
16280,1650412999.159217,1650412999.169653,95.0,0.0,4217.94873,6696.410156,4232.820313,4264.102539,4005.641113,16213.0,4.0,77.0,,,,0.0,4.0,0.0,2.0,0.0,4.0,16.666666,,,,,,,,,,,,,,,,,,,,,,,,,,,,,,,,,,,,,,,,,,,,,,,,,,,,,,,,,,,,,,,,,,,,,,,,,,,,,,,,,,,,
16281,1650412999.167032,1650412999.177468,96.0,0.0,4206.153809,6713.333495999999,4235.384765999999,4264.102539,4007.179443,450.0,4.0,77.0,,,,0.0,4.0,0.0,2.0,0.0,4.0,16.666666,,,,,,,,48.0,0.0,0.26212199999999997,-0.414063,0.5195310000000001,0.699951,0.851087,-0.521004,-0.11523599999999999,-0.044097000000000004,-0.058584000000000004,-0.012423,,,,,,,,,,,,,,,,,,,,,,,,,,,,,,,,,,,,,,,,,,,,,,,,,,,,,,,,,,,,,,,,,
16282,1650412999.1748471,1650412999.185383,97.0,0.0,4206.666504,6754.358887,4248.717772999999,4264.102539,4028.205078,450.0,4.0,77.0,,,,0.0,4.0,0.0,2.0,0.0,4.0,16.666666,,,,,,,,,,,,,,,,,,,,,,,,,,,,,,,,,,,,,,,,,,,,,,,,,,,,,,0.0,0.0,64.0,0.678178,1.0,0.0,,,,,,,,,,,,,,,,,,,,,,,,,
16283,1650412999.182661,1650412999.1932971,98.0,0.0,4216.410156,6749.743651999999,4247.179688,4264.102539,4032.3076170000004,450.0,4.0,77.0,,,,0.0,4.0,0.0,2.0,0.0,4.0,16.666666,,,,,,,,49.0,0.0,0.261469,-0.414063,0.5195310000000001,0.700195,0.850599,-0.511727,-0.12549000000000002,-0.044081999999999996,-0.058634000000000006,-0.01411,,,,,,,,,,,,,,,,,,,,,,,,,,,,,,,,,,,,,,,,,,,,,,,,,,,,,,,,,,,,,,,,,
16284,1650412999.190476,1650412999.201112,99.0,0.0,4213.846191,6738.974120999999,4241.025879,4264.102539,4015.384521,16213.0,4.0,77.0,,,,0.0,4.0,0.0,2.0,0.0,4.0,16.666666,,,,,,,,,,,,,,,,,,,,,,,,,,,,,,,,,,,,,,,,,,,,,,,,,,,,,,,,,,,,,,,,,,,,,,,,,,,,,,,,,,,,
16285,1650412999.19829,1650412999.209027,100.0,0.0,4217.436035,6744.102539,4254.358886999999,4264.102539,4016.923096,450.0,4.0,77.0,,,,0.0,4.0,0.0,2.0,0.0,4.0,16.666666,,,,,,,,50.0,0.0,0.261469,-0.414063,0.5195310000000001,0.700195,0.8481569999999999,-0.521004,-0.13086099999999998,-0.044068,-0.058727,-0.015580000000000002,,,,,,,,,,,,,,,,,,,,,,,,,,,,,,,,,,,,,,,,,,,,,,,,,,,,,,,,,,,,,,,,,
16286,1650412999.206105,1650412999.216842,101.0,0.0,4230.769043,6733.846191,4273.846191,4264.102539,4026.1538090000004,450.0,4.0,77.0,,,,0.0,4.0,0.0,2.0,0.0,4.0,16.666666,,,,,,,,,,,,,,,,,,,,,,,,,,,,,,,,,,,,,,,,,,,,,,,,,,,,,,0.0,0.0,64.0,0.678178,1.0,0.0,,,,,,,,,,,,,,,,,,,,,,,,,
16287,1650412999.2139199,1650412999.224757,102.0,0.0,4238.974121,6709.230957,4272.307617,4264.102539,4016.4101560000004,450.0,4.0,77.0,,,,0.0,4.0,0.0,2.0,0.0,4.0,16.666666,,,,,,,,51.0,0.0,0.26212199999999997,-0.414063,0.5195310000000001,0.699951,0.854017,-0.516609,-0.114748,-0.044056,-0.058664999999999995,-0.017001,,,,,,,,,,,,,,,,,,,,,,,,,,,,,,,,,,,,,,,,,,,,,,,,,,,,,,,,,,,,,,,,,
16288,1650412999.221734,1650412999.232572,103.0,0.0,4250.256348,6719.487305,4269.743652,4264.102539,4012.3076170000004,16213.0,4.0,77.0,,,,0.0,4.0,0.0,2.0,0.0,4.0,16.666666,,,,,,,,,,,,,,,,,,,,,,,,,,,,,,,,,,,,,,,,,,,,,,,,,,,,,,,,,,,,,,,,,,,,,,,,,,,,,,,,,,,,
16289,1650412999.229549,1650412999.240486,104.0,0.0,4263.589844,6730.256348000001,4267.692383,4264.102539,4015.897461,450.0,4.0,77.0,,,,0.0,4.0,0.0,2.0,0.0,4.0,16.666666,,,,,,,,52.0,0.0,0.26212199999999997,-0.414063,0.5195310000000001,0.699951,0.859876,-0.512215,-0.119631,-0.044045,-0.058658,-0.015056,,,,,,,,,,,,,,,,,,,,,,,,,,,,,,,,,,,,,,,,,,,,,,,,,,,,,,,,,,,,,,,,,
16290,1650412999.237363,1650412999.248301,105.0,0.0,4265.128418,6713.333495999999,4250.256348,4264.102539,4003.5898439999996,450.0,4.0,77.0,,,,0.0,4.0,0.0,2.0,0.0,4.0,16.666666,,,,,,,,,,,,,,,,,,,,1.0,0.0,0.0,,,,,,,,,,,,,,,,,,,,,,,,,,,,,,,,0.0,0.0,64.0,1.0,1.0,0.0,7.995396,1.7756439999999998,1.297239,1.334702,1.20442,108.116882,26.736859999999997,20.507576,8.2093,13.143510999999998,1.7488130000000002,1.250209,1.865286,1.1818229999999998,1.514683,0.0,0.0,0.0,0.0,0.0,3.241605,2.895813,3.051445,1.681905,1.770305
16291,1650412999.245178,1650412999.256216,106.0,0.0,4261.538574,6700.512695,4256.410156,4264.102539,3993.3332520000004,450.0,4.0,77.0,,,,0.0,4.0,0.0,2.0,0.0,4.0,16.666666,,,,,,,,53.0,0.0,0.262773,-0.414063,0.5195310000000001,0.699707,0.8652479999999999,-0.510262,-0.12109600000000001,-0.043986000000000004,-0.05875,-0.016529,,,,,,,,,,,,,,,,,,,,,,,,,,,,,,,,,,,,,,,,,,,,,,,,,,,,,,,,,,,,,,,,,
16292,1650412999.2529929,1650412999.2640312,107.0,0.0,4270.769043,6717.94873,4288.717772999999,4264.102539,4004.102539,16213.0,4.0,77.0,,,,0.0,4.0,0.0,2.0,0.0,4.0,16.666666,,,,,,,,,,,,,,,,,,,,,,,,,,,,,,,,,,,,,,,,,,,,,,,,,,,,,,,,,,,,,,,,,,,,,,,,,,,,,,,,,,,,
16293,1650412999.260807,1650412999.2719462,108.0,0.0,4289.230957,6728.205078,4282.05127,4264.102539,4003.076904,450.0,4.0,77.0,,,,0.0,4.0,0.0,2.0,0.0,4.0,16.666666,,,,,,,,54.0,0.0,0.262388,-0.414307,0.5195310000000001,0.699707,0.8740370000000001,-0.516121,-0.11425999999999999,-0.04408,-0.058832,-0.017806,,,,,,,,,,,,,,,,,,,,,,,,,,,,,,,,,,,,,,,,,,,,,,,,,,,,,,,,,,,,,,,,,
